0 0.13782470703125 0.3919351851851852 0.00480712890625 0.011888888888888888
1 0.15934814453125 0.4311666666666667 0.009404296875 0.011097222222222222
0 0.1913232421875 0.3863842592592593 0.02654052734375 0.026949074074074073
0 0.19048828125 0.4085787037037037 0.00773193359375 0.010305555555555556
0 0.25652587890625 0.2956342592592593 0.011494140625 0.013472222222222222
0 0.26143798828125 0.342 0.0075244140625 0.011888888888888888
0 0.23844970703125 0.3909444444444445 0.00585205078125 0.008324074074074074
0 0.2637353515625 0.3855925925925926 0.008359375 0.009509259259259259
0 0.37533203125 0.22192592592592594 0.0112841796875 0.009509259259259259
0 0.36279296875 0.28631944444444446 0.02340576171875 0.018625
0 0.3748095703125 0.32060185185185186 0.0123291015625 0.014268518518518519
1 0.4963330078125 0.2280648148148148 0.0050146484375 0.009907407407407406
0 0.5294580078125 0.1959675925925926 0.007314453125 0.019416666666666665
0 0.441474609375 0.3164398148148148 0.00564208984375 0.021796296296296296
1 0.4939306640625 0.3077222222222222 0.005224609375 0.015453703703703706
1 0.51085693359375 0.35924074074074075 0.0043896484375 0.02021296296296296
0 0.47261474609375 0.3861851851851852 0.007314453125 0.03923148148148148
1 0.405380859375 0.5215601851851852 0.0034375 0.010736111111111111
1 0.4976025390625 0.5186805555555555 0.00465087890625 0.014958333333333334
0 0.506904296875 0.6097638888888889 0.00788818359375 0.05599074074074074
1 0.44967041015625 0.5723703703703703 0.0038427734375 0.02339351851851852
0 0.41438232421875 0.6095740740740742 0.007685546875 0.05023611111111111
1 0.396787109375 0.6872314814814815 0.0052587890625 0.013805555555555555
1 0.44936767578125 0.6787916666666667 0.0044482421875 0.014574074074074074
1 0.49770263671875 0.681861111111111 0.004853515625 0.019175925925925926
1 0.5332958984375 0.6450462962962963 0.0044482421875 0.018407407407407407
0 0.60185302734375 0.6876157407407407 0.00849365234375 0.02914814814814815
0 0.56474365234375 0.663837962962963 0.00505615234375 0.019175925925925926
1 0.54451904296875 0.5535787037037038 0.00465087890625 0.020324074074074074
0 0.60852783203125 0.585412037037037 0.004853515625 0.026462962962962962
0 0.54775634765625 0.3917453703703703 0.00748291015625 0.04410185185185186
1 0.578193359375 0.36375 0.0044482421875 0.015722222222222224
1 0.5670703125 0.2977870370370371 0.00566162109375 0.01802314814814815
0 0.64492919921875 0.29356944444444444 0.0218408203125 0.019560185185185184
0 0.717431640625 0.28570833333333334 0.00748291015625 0.013805555555555555
0 0.71823974609375 0.3430416666666667 0.00505615234375 0.010356481481481482
0 0.75717041015625 0.3658564814814815 0.02103271484375 0.020708333333333332
0 0.7789111328125 0.3382453703703704 0.008291015625 0.016106481481481482
0 0.8105615234375 0.346875 0.014560546875 0.01879166666666667
0 0.7974169921875 0.41053703703703703 0.00849365234375 0.012657407407407407
0 0.82390869140625 0.38963425925925926 0.00647216796875 0.013805555555555555
1 0.86071533203125 0.3785138888888889 0.00647216796875 0.01150462962962963