1 0.20075927734375 0.35874537037037035 0.00705810546875 0.009101851851851852
1 0.24184326171875 0.3488425925925926 0.00593017578125 0.008032407407407408
1 0.25666748046875 0.3120277777777778 0.006494140625 0.009907407407407406
0 0.21685302734375 0.3171157407407407 0.00677734375 0.00937037037037037
0 0.295703125 0.32300462962962967 0.00748291015625 0.008300925925925925
0 0.2880810546875 0.260625 0.00776611328125 0.00937037037037037
0 0.320126953125 0.33706018518518516 0.0340234375 0.021953703703703704
1 0.339541015625 0.26075925925925925 0.0062109375 0.008032407407407408
0 0.31843505859375 0.22488425925925926 0.005224609375 0.007495370370370371
1 0.36961181640625 0.3015879629629629 0.0062109375 0.008833333333333332
1 0.39121337890625 0.32822685185185185 0.00536376953125 0.009101851851851852
1 0.404765625 0.26745370370370375 0.0050830078125 0.010171296296296296
0 0.39982421875 0.24898148148148147 0.0079052734375 0.011777777777777778
0 0.500556640625 0.3169814814814815 0.00437744140625 0.01874074074074074
1 0.46717041015625 0.35712499999999997 0.00693359375 0.013708333333333333
0 0.51165283203125 0.4416157407407407 0.00442626953125 0.014828703703703705
1 0.52912109375 0.36877777777777776 0.003671875 0.01575462962962963
1 0.5405224609375 0.44901851851851854 0.00483154296875 0.011356481481481481
0 0.48004638671875 0.45341203703703703 0.00521728515625 0.01648611111111111
0 0.51762451171875 0.41878703703703707 0.0112060546875 0.01685185185185185
1 0.45328369140625 0.4869398148148148 0.00463623046875 0.013921296296296296
0 0.48767822265625 0.5358518518518519 0.008115234375 0.050194444444444444
1 0.51810791015625 0.5492268518518518 0.00521728515625 0.013189814814814814
1 0.476181640625 0.6217731481481481 0.0040576171875 0.013189814814814814
1 0.45357421875 0.6694027777777778 0.00328369140625 0.01099074074074074
1 0.51453369140625 0.6673888888888888 0.00386474609375 0.012092592592592592
1 0.55288818359375 0.6312962962962962 0.00521728515625 0.017587962962962965
1 0.59413818359375 0.6657407407407407 0.00347900390625 0.01099074074074074
0 0.51907470703125 0.727111111111111 0.0040576171875 0.01502314814814815
0 0.548154296875 0.6741666666666667 0.0050244140625 0.01612037037037037
1 0.573271484375 0.5516064814814815 0.00463623046875 0.011356481481481481
1 0.55868408203125 0.31583333333333335 0.00521728515625 0.01025925925925926
1 0.5837060546875 0.3598009259259259 0.00463623046875 0.013921296296296296
1 0.65316650390625 0.6860740740740741 0.003671875 0.01648611111111111
0 0.63027099609375 0.6171898148148148 0.00463623046875 0.02088425925925926
0 0.61278564453125 0.5411666666666667 0.006376953125 0.03956944444444444
0 0.6224462890625 0.5585694444444445 0.00521728515625 0.019416666666666665
1 0.584189453125 0.5001296296296296 0.0040576171875 0.012458333333333333
1 0.62930419921875 0.456712962962963 0.00541015625 0.01502314814814815
1 0.6458251953125 0.4871203703703704 0.00521728515625 0.012092592592592592
1 0.62302490234375 0.3204120370370371 0.004443359375 0.01502314814814815
0 0.68611083984375 0.20719444444444446 0.0193212890625 0.01502314814814815
0 0.73789306640625 0.22240277777777778 0.00463623046875 0.01099074074074074
0 0.67326171875 0.33305092592592594 0.0071484375 0.01025925925925926
0 0.6943212890625 0.27552777777777776 0.00753662109375 0.008791666666666666
0 0.7241748046875 0.34679166666666666 0.0050244140625 0.01648611111111111
0 0.75856689453125 0.2716805555555556 0.00618408203125 0.008425925925925925
0 0.8670263671875 0.31455092592592593 0.007158203125 0.012171296296296296
0 0.88430419921875 0.3033148148148148 0.0066650390625 0.012171296296296296
1 0.80482177734375 0.32508333333333334 0.006171875 0.010763888888888889
0 0.8354296875 0.34450925925925924 0.0076513671875 0.012171296296296296
0 0.81099365234375 0.26189351851851855 0.01851318359375 0.015444444444444445
0 0.79511474609375 0.3471666666666667 0.01376953125 0.013171296296296296
0 0.74917724609375 0.31816666666666665 0.013037109375 0.012939814814814814
0 0.76818603515625 0.3326064814814815 0.0047509765625 0.009935185185185186
0 0.4354443359375 0.4798611111111111 0.00751953125 0.01687037037037037