0 0.15967529296875 0.4355833333333333 0.00903564453125 0.009101851851851852
0 0.17852294921875 0.4043935185185185 0.0063525390625 0.02114814814814815
0 0.2077490234375 0.4043935185185185 0.00917724609375 0.01151388888888889
1 0.20478271484375 0.3602175925925926 0.0063525390625 0.008833333333333332
0 0.22892578125 0.42353703703703705 0.0297900390625 0.026236111111111113
0 0.28801025390625 0.2924861111111111 0.009599609375 0.01151388888888889
0 0.2788330078125 0.355 0.00593017578125 0.0069629629629629625
0 0.31123291015625 0.37868981481481484 0.0066357421875 0.00937037037037037
1 0.3699658203125 0.2485787037037037 0.0063525390625 0.012583333333333334
0 0.3792822265625 0.2519259259259259 0.00494140625 0.02462962962962963
0 0.40526123046875 0.19035185185185186 0.0063525390625 0.008032407407407408
1 0.46307373046875 0.2863287037037037 0.0047998046875 0.013652777777777778
1 0.4249560546875 0.35727314814814815 0.00423583984375 0.01151388888888889
1 0.45326171875 0.4363842592592593 0.00607177734375 0.011245370370370369
1 0.411259765625 0.5054583333333333 0.0050830078125 0.015527777777777777
0 0.463427734375 0.4816296296296296 0.00719970703125 0.042833333333333334
1 0.49730224609375 0.23445370370370372 0.00402099609375 0.009037037037037036
0 0.5183056640625 0.2961712962962963 0.0055126953125 0.027398148148148147
0 0.50758056640625 0.2929212962962963 0.0067041015625 0.03389814814814815
0 0.50616455078125 0.38401851851851854 0.005361328125 0.020055555555555556
1 0.51033447265625 0.43910185185185185 0.004765625 0.016101851851851853
0 0.52195556640625 0.45125000000000004 0.005361328125 0.027962962962962964
1 0.49283203125 0.5047777777777778 0.00461669921875 0.010166666666666668
1 0.4462841796875 0.5625416666666666 0.005361328125 0.010453703703703703
1 0.54407470703125 0.6277916666666666 0.00461669921875 0.011583333333333333
1 0.530419921875 0.5449305555555556 0.0051611328125 0.016314814814814817
1 0.5672021484375 0.5108703703703704 0.0034423828125 0.01753703703703704
0 0.60237060546875 0.5785787037037037 0.00623779296875 0.02814351851851852
0 0.605380859375 0.4827268518518519 0.008388671875 0.020800925925925924
0 0.54708984375 0.45437962962962963 0.008818359375 0.04894444444444444
1 0.63194580078125 0.45193055555555556 0.00559326171875 0.016314814814814817
1 0.5887109375 0.3982962962962963 0.0047314453125 0.01672222222222222
1 0.5666650390625 0.2973472222222222 0.00709716796875 0.016314814814814817
1 0.54934814453125 0.2506435185185185 0.00602294921875 0.015092592592592593
0 0.6684033203125 0.26818055555555553 0.007958984375 0.014277777777777778
0 0.63162353515625 0.29163425925925923 0.008818359375 0.013050925925925926
0 0.69045166015625 0.32773148148148146 0.01806884765625 0.03222222222222222
0 0.6421630859375 0.20903703703703702 0.00968017578125 0.01753703703703704
0 0.7022802734375 0.3709675925925926 0.00645263671875 0.013458333333333334
0 0.75078369140625 0.3736203703703704 0.008388671875 0.020393518518518516
0 0.81853759765625 0.42419444444444443 0.01527099609375 0.021208333333333336
0 0.78347900390625 0.35485648148148147 0.009248046875 0.019578703703703702
0 0.72153076171875 0.3048888888888889 0.00666748046875 0.020800925925925924
0 0.7445458984375 0.30407407407407405 0.008818359375 0.015092592592592593
0 0.7865966796875 0.43622685185185184 0.01118408203125 0.013458333333333334
0 0.8199365234375 0.44968981481481485 0.008603515625 0.01590740740740741