1 0.86283447265625 0.2531851851851852 0.00467529296875 0.009907407407407406
0 0.76630615234375 0.34679166666666666 0.01072509765625 0.013560185185185186
0 0.7503564453125 0.24718981481481478 0.00797607421875 0.010430555555555556
0 0.809755859375 0.3264537037037037 0.01237548828125 0.011472222222222222
0 0.9351611328125 0.275087962962963 0.018974609375 0.018250000000000002
0 0.7394921875 0.21250925925925926 0.01705078125 0.013037037037037038
0 0.67555419921875 0.2589212962962963 0.006875 0.02450925925925926
0 0.713916015625 0.34314351851851854 0.01429931640625 0.013560185185185186
0 0.53021240234375 0.30872222222222223 0.0060498046875 0.022944444444444444
0 0.5607373046875 0.23024074074074075 0.00715087890625 0.03389814814814815
1 0.60638916015625 0.2758703703703704 0.00550048828125 0.014601851851851852
0 0.60638916015625 0.3666111111111111 0.00659912109375 0.03129166666666667
1 0.64035400390625 0.41302314814814817 0.00467529296875 0.02086111111111111
0 0.46916015625 0.42136574074074074 0.0093505859375 0.04171759259259259
1 0.51041259765625 0.3533101851851852 0.0060498046875 0.016166666666666666
1 0.4527978515625 0.1812175925925926 0.0041259765625 0.016166666666666666
0 0.4928125 0.21016203703703704 0.00550048828125 0.019814814814814813
0 0.40041015625 0.18904166666666666 0.01429931640625 0.013037037037037038
0 0.3019580078125 0.24823148148148147 0.018701171875 0.011472222222222222
0 0.32918212890625 0.3449675925925926 0.0110009765625 0.010949074074074073
0 0.39917236328125 0.36895833333333333 0.01732421875 0.017208333333333332
1 0.24296875 0.23415277777777777 0.00577392578125 0.007300925925925926
0 0.2594677734375 0.3147222222222222 0.011826171875 0.013037037037037038