0 0.20009765625 0.37609722222222225 0.00705810546875 0.00823611111111111
0 0.276591796875 0.3500972222222222 0.0158837890625 0.016476851851851854
0 0.2965478515625 0.3098101851851852 0.01045166015625 0.014157407407407407
0 0.41668701171875 0.28368055555555555 0.01886962890625 0.016990740740740744
1 0.46331787109375 0.2545925925925926 0.006787109375 0.014416666666666666
1 0.4720068359375 0.27569907407407407 0.00434326171875 0.011842592592592592
1 0.48727783203125 0.3354259259259259 0.00665283203125 0.015444444444444445
0 0.49752685546875 0.3060787037037037 0.00597412109375 0.02265277777777778
0 0.523251953125 0.4118796296296296 0.00828125 0.03861574074074074
1 0.502685546875 0.4716018518518518 0.00271484375 0.021106481481481483
1 0.469970703125 0.46040277777777777 0.00434326171875 0.009523148148148149
1 0.5103564453125 0.5273333333333333 0.00393798828125 0.02548611111111111
0 0.443974609375 0.5535925925925926 0.009638671875 0.047625
0 0.460400390625 0.5676203703703704 0.00773681640625 0.03449537037037037
1 0.49603515625 0.6855185185185185 0.0048876953125 0.016476851851851854
1 0.5294970703125 0.6285 0.0061083984375 0.012097222222222221
1 0.5554931640625 0.5626018518518519 0.0048876953125 0.02702777777777778
1 0.5376416015625 0.43955092592592593 0.0033935546875 0.01930555555555556
0 0.582099609375 0.31032407407407403 0.0062451171875 0.03012037037037037
0 0.55522216796875 0.2606435185185185 0.00651611328125 0.021879629629629627
1 0.6171240234375 0.3352962962962963 0.00597412109375 0.014157407407407407
1 0.58142333984375 0.38928703703703704 0.0059130859375 0.011472222222222222
0 0.6477001953125 0.5448240740740741 0.0059130859375 0.03572222222222222
0 0.6118798828125 0.4766388888888889 0.0043994140625 0.04119907407407407
0 0.5911181640625 0.6446851851851851 0.0060498046875 0.04875925925925926
1 0.55962158203125 0.6748981481481481 0.00412353515625 0.014333333333333333
0 0.67702392578125 0.3517824074074074 0.02181396484375 0.013680555555555555
0 0.78712890625 0.3938009259259259 0.0108203125 0.014981481481481481
0 0.76883544921875 0.3314259259259259 0.00893310546875 0.010097222222222221
0 0.8249169921875 0.37832870370370375 0.00910400390625 0.012703703703703705
1 0.889501953125 0.42441666666666666 0.00498046875 0.010421296296296297