0 0.21913330078125 0.3302824074074074 0.015419921875 0.017967592592592594
0 0.20334228515625 0.3996851851851852 0.01430419921875 0.016560185185185188
0 0.277841796875 0.39352314814814815 0.0105908203125 0.012685185185185185
0 0.38429443359375 0.3706203703703704 0.014677734375 0.014796296296296297
0 0.3283740234375 0.3061527777777778 0.008359375 0.010569444444444444
1 0.3592138671875 0.31936111111111115 0.0076171875 0.012328703703703703
0 0.44239501953125 0.21068055555555557 0.0077197265625 0.03564351851851852
0 0.4512890625 0.27019444444444446 0.00704833984375 0.024185185185185185
0 0.432744140625 0.39717592592592593 0.00755126953125 0.03437037037037037
0 0.452060546875 0.5564814814814815 0.00650634765625 0.02837962962962963
1 0.4126953125 0.6029074074074074 0.00488037109375 0.013263888888888888
1 0.48874267578125 0.6254259259259259 0.0050439453125 0.019435185185185184
0 0.4299365234375 0.6945231481481482 0.0068310546875 0.033624999999999995
0 0.49736328125 0.7224398148148148 0.0073193359375 0.03948611111111111
1 0.55063720703125 0.6524166666666666 0.006181640625 0.016041666666666666
0 0.51965087890625 0.5418287037037036 0.0073193359375 0.03979166666666667
0 0.52843505859375 0.41689814814814813 0.007646484375 0.04781481481481482
0 0.52998046875 0.25757407407407407 0.00748291015625 0.03023148148148148
0 0.61643798828125 0.7589907407407408 0.006669921875 0.03424074074074074
1 0.6122900390625 0.6649074074074074 0.00650634765625 0.010180555555555556
0 0.61237060546875 0.6817222222222222 0.005693359375 0.02036111111111111
1 0.5978125 0.6206435185185185 0.00748291015625 0.011106481481481481
0 0.6315673828125 0.5774583333333333 0.005693359375 0.03393055555555556
0 0.57560791015625 0.519 0.00699462890625 0.037939814814814815
0 0.675244140625 0.2956712962962963 0.01464111328125 0.016347222222222225
0 0.7001318359375 0.3812685185185185 0.01268798828125 0.016657407407407405
0 0.762109375 0.33900925925925923 0.01464111328125 0.018509259259259257
0 0.80478271484375 0.43418981481481483 0.01225830078125 0.017796296296296296
0 0.827861328125 0.4192962962962963 0.0086181640625 0.012712962962962964
0 0.85876220703125 0.4779953703703704 0.0161328125 0.018574074074074073
0 0.246953125 0.3847685185185185 0.01278076171875 0.010462962962962964