1 0.19194091796875 0.4623287037037037 0.00480224609375 0.009106481481481483
1 0.2021044921875 0.3840092592592593 0.00624267578125 0.010319444444444444
0 0.24276611328125 0.4530740740740741 0.011044921875 0.01548148148148148
0 0.27782470703125 0.3147962962962963 0.01360595703125 0.015787037037037037
1 0.31048095703125 0.37550925925925926 0.00624267578125 0.010930555555555554
0 0.38323974609375 0.21947685185185184 0.0156884765625 0.012143518518518519
1 0.42334228515625 0.1879074074074074 0.0059228515625 0.011537037037037038
0 0.35191162109375 0.2848888888888889 0.0136572265625 0.009666666666666665
1 0.4075439453125 0.41524537037037035 0.00509765625 0.015541666666666667
0 0.41409912109375 0.6172592592592593 0.0080126953125 0.0410925925925926
1 0.40608642578125 0.6997916666666667 0.00473388671875 0.016921296296296295
0 0.3954345703125 0.7752407407407408 0.00528076171875 0.031078703703703702
1 0.48457275390625 0.7942361111111111 0.0043701171875 0.015194444444444444
0 0.51307373046875 0.7331111111111112 0.00819580078125 0.04143981481481482
0 0.4604443359375 0.6590416666666666 0.00528076171875 0.036259259259259255
1 0.51744384765625 0.625375 0.004189453125 0.019337962962962963
1 0.44150634765625 0.5749583333333333 0.0049169921875 0.01864814814814815
1 0.4893994140625 0.5423240740740741 0.004189453125 0.017611111111111112
0 0.43759033203125 0.49018055555555556 0.0054638671875 0.035569444444444445
0 0.49568115234375 0.4639351851851852 0.00619140625 0.03142592592592593
0 0.4305810546875 0.34790740740740744 0.0074658203125 0.035569444444444445
0 0.59423583984375 0.6814953703703703 0.006376953125 0.0300462962962963
1 0.5566552734375 0.6651898148148148 0.00425048828125 0.019416666666666665
0 0.555302734375 0.4852916666666667 0.00618408203125 0.03407407407407407
1 0.59597412109375 0.44058796296296293 0.004443359375 0.017953703703703704
1 0.52748046875 0.40358333333333335 0.00734130859375 0.017953703703703704
1 0.50641845703125 0.3057546296296296 0.00425048828125 0.014291666666666668
1 0.57027587890625 0.25189814814814815 0.0040576171875 0.009893518518518519
0 0.57027587890625 0.21708796296296298 0.01951416015625 0.013555555555555557
0 0.60592529296875 0.2108611111111111 0.0166162109375 0.02088425925925926
0 0.66669189453125 0.4385740740740741 0.00908203125 0.014657407407407407
0 0.62476318359375 0.35430555555555554 0.0129443359375 0.013921296296296296
0 0.63210693359375 0.3270092592592593 0.015263671875 0.01648611111111111
0 0.66620849609375 0.33873148148148147 0.011591796875 0.017222222222222222
0 0.71489990234375 0.4607407407407408 0.01236572265625 0.019416666666666665
0 0.66398681640625 0.28725462962962967 0.0067626953125 0.01025925925925926
0 0.70678466796875 0.2995277777777778 0.01197998046875 0.023083333333333334
0 0.773056640625 0.5156990740740741 0.00888671875 0.02015277777777778
0 0.7898681640625 0.5331064814814814 0.00541015625 0.013189814814814814
0 0.8352734375 0.5406157407407407 0.011591796875 0.022351851851851852
0 0.7519970703125 0.4140277777777778 0.0112060546875 0.023449074074074074
0 0.77827392578125 0.384712962962963 0.0139111328125 0.028578703703703703
0 0.7973046875 0.4198888888888889 0.006376953125 0.017587962962962965