0 0.20864013671875 0.29553240740740744 0.00603759765625 0.01113888888888889
0 0.20749755859375 0.4018333333333334 0.0138720703125 0.010833333333333332
1 0.35170654296875 0.26093055555555555 0.0058251953125 0.010759259259259258
0 0.4130322265625 0.2525 0.007666015625 0.02412962962962963
0 0.41188232421875 0.32300462962962967 0.00781982421875 0.032560185185185185
1 0.4635498046875 0.2594768518518519 0.009658203125 0.020060185185185184
0 0.50205078125 0.3575277777777778 0.0092431640625 0.039703703703703706
0 0.575625 0.5610509259259259 0.00563720703125 0.021893518518518517
0 0.52340576171875 0.590199074074074 0.00697998046875 0.03589351851851852
1 0.59598876953125 0.6552592592592592 0.00418212890625 0.010467592592592593
0 0.5799267578125 0.34055555555555556 0.0081982421875 0.0345787037037037
0 0.62953125 0.22444907407407408 0.0147216796875 0.011736111111111112
0 0.68808349609375 0.2683842592592593 0.0133837890625 0.012055555555555555
0 0.758515625 0.22730092592592593 0.0160595703125 0.013643518518518518
0 0.76997314453125 0.2874212962962963 0.01321533203125 0.014592592592592593
1 0.79615478515625 0.28043981481481484 0.0056884765625 0.007615740740740741
1 0.77599609375 0.326125 0.00418212890625 0.006342592592592592