1 0.17331298828125 0.46968518518518515 0.00989501953125 0.012083333333333335
0 0.18697998046875 0.4003611111111111 0.02113037109375 0.019717592592592596
0 0.14279296875 0.45950925925925923 0.01458984375 0.012722222222222222
0 0.25507080078125 0.3829768518518519 0.01282958984375 0.01200925925925926
0 0.28 0.3223055555555555 0.02143798828125 0.02063425925925926
0 0.3055810546875 0.41238888888888886 0.014130859375 0.013550925925925926
0 0.37121826171875 0.24362962962962964 0.02080322265625 0.018069444444444444
0 0.37066162109375 0.3223796296296296 0.01778564453125 0.01475462962962963
0 0.35644775390625 0.4112222222222222 0.01381591796875 0.014152777777777778
1 0.38789306640625 0.37854629629629627 0.00587646484375 0.012046296296296296
0 0.44125244140625 0.30792592592592594 0.0106396484375 0.04667592592592592
1 0.47985595703125 0.3340648148148148 0.0081689453125 0.020310185185185185
0 0.4542333984375 0.4067268518518518 0.0106591796875 0.035388888888888886
0 0.4219482421875 0.4912037037037037 0.01071044921875 0.03786574074074074
0 0.45117431640625 0.5877546296296297 0.00889404296875 0.036833333333333336
1 0.42648681640625 0.6156388888888888 0.00744140625 0.026504629629629628
1 0.4688720703125 0.6509212962962962 0.00544677734375 0.02271759259259259
0 0.44255126953125 0.7672685185185185 0.0090771484375 0.033046296296296296
1 0.545703125 0.7908796296296297 0.00715576171875 0.02813425925925926
0 0.56045166015625 0.6980416666666667 0.0076806640625 0.030449074074074073
0 0.508349609375 0.5570416666666667 0.008203125 0.043027777777777776
1 0.5299072265625 0.5217916666666667 0.00593505859375 0.024162037037037037
0 0.53985595703125 0.4532777777777778 0.00802978515625 0.038064814814814815
0 0.5870703125 0.22655555555555557 0.0093701171875 0.0455
0 0.52737060546875 0.23800000000000002 0.00951171875 0.0339212962962963
1 0.57919189453125 0.3162083333333333 0.0072412109375 0.0245
0 0.5133154296875 0.3821712962962963 0.01008056640625 0.01911574074074074
0 0.5534228515625 0.37624537037037037 0.01930908203125 0.015347222222222222
1 0.61259521484375 0.7740370370370371 0.0082275390625 0.022537037037037036
0 0.63938232421875 0.7385 0.00914306640625 0.0346712962962963
0 0.60811767578125 0.6441944444444445 0.00841064453125 0.03606018518518519
0 0.5805078125 0.5138287037037037 0.0069482421875 0.03675
1 0.61698486328125 0.5356712962962963 0.00676513671875 0.019416666666666665
0 0.65455810546875 0.47724999999999995 0.00767822265625 0.03016203703703704
0 0.60674560546875 0.41484259259259254 0.01078857421875 0.034324074074074076
1 0.633623046875 0.36110185185185184 0.00713134765625 0.016990740740740744
0 0.69368408203125 0.27199537037037036 0.01828369140625 0.018375
0 0.7212939453125 0.311 0.01206787109375 0.018027777777777778
0 0.79492431640625 0.37492592592592594 0.01876953125 0.023731481481481482
0 0.91943359375 0.4057731481481482 0.026279296875 0.022541666666666665
0 0.73704833984375 0.35030555555555554 0.01501708984375 0.02076388888888889