0 0.16722412109375 0.3446898148148148 0.01613525390625 0.015300925925925924
0 0.2106201171875 0.3822453703703704 0.0110009765625 0.011587962962962963
0 0.27540771484375 0.38085185185185183 0.0168701171875 0.0180787037037037
0 0.29423095703125 0.3147870370370371 0.01149169921875 0.01761574074074074
0 0.2986328125 0.26796296296296296 0.013447265625 0.014833333333333334
0 0.21599853515625 0.3203518518518519 0.0105126953125 0.019472222222222224
0 0.35387451171875 0.2297962962962963 0.02095947265625 0.01834259259259259
0 0.4193017578125 0.3049537037037037 0.00994140625 0.025986111111111113
0 0.45745849609375 0.3360370370370371 0.00994140625 0.04331018518518518
0 0.39901611328125 0.5105509259259259 0.0096728515625 0.043819444444444446
1 0.399150390625 0.6274861111111111 0.007255859375 0.020888888888888887
0 0.60443603515625 0.7456990740740741 0.00779296875 0.04331018518518518
0 0.51334716796875 0.6144953703703704 0.0088671875 0.04178240740740741
0 0.56399658203125 0.5961527777777778 0.0085986328125 0.037703703703703705
0 0.51643798828125 0.3737407407407407 0.0107470703125 0.03923611111111111
0 0.82443115234375 0.28108333333333335 0.0156689453125 0.021893518518518517
0 0.80396728515625 0.3423981481481482 0.012275390625 0.01225