0 0.309423828125 0.4100787037037037 0.0117041015625 0.014796296296296297
0 0.2471875 0.43156944444444445 0.00724609375 0.010569444444444444
0 0.26502197265625 0.31425462962962963 0.015791015625 0.022546296296296297
0 0.30580078125 0.336625 0.01040283203125 0.011625
0 0.355126953125 0.29540740740740745 0.015419921875 0.015148148148148148
0 0.401201171875 0.29540740740740745 0.015419921875 0.016560185185185188
0 0.458701171875 0.20609722222222224 0.02043701171875 0.016203703703703703
1 0.44532470703125 0.17104166666666668 0.007802734375 0.014444444444444444
0 0.4194091796875 0.21402314814814816 0.00538818359375 0.011625
0 0.44003173828125 0.24343981481481483 0.0113330078125 0.007046296296296296
0 0.43780029296875 0.45341203703703703 0.00538818359375 0.03593518518518519
0 0.477373046875 0.3373287037037037 0.00501708984375 0.04333333333333333
0 0.54379150390625 0.27409259259259255 0.006689453125 0.03523148148148148
0 0.5231689453125 0.3981018518518518 0.00594482421875 0.033115740740740744
0 0.55215087890625 0.34983796296296293 0.00483154296875 0.018319444444444444
0 0.4662255859375 0.38841203703703703 0.00724609375 0.01374074074074074
0 0.46055908203125 0.5333842592592593 0.00483154296875 0.01338888888888889
0 0.499296875 0.5768935185185184 0.006875 0.03699074074074074
0 0.47124267578125 0.7268009259259259 0.00613037109375 0.033115740740740744
0 0.530693359375 0.7024907407407408 0.0031591796875 0.015499999999999998
0 0.6184765625 0.6950925925925926 0.00594482421875 0.03593518518518519
0 0.6634326171875 0.626337962962963 0.0118115234375 0.03484259259259259
0 0.613779296875 0.5286527777777779 0.0096240234375 0.043550925925925923
0 0.56368896484375 0.5081203703703704 0.0074365234375 0.033185185185185186
0 0.57987548828125 0.3307962962962963 0.0074365234375 0.05101851851851852
0 0.611591796875 0.25613425925925926 0.00787353515625 0.04106481481481482
0 0.57932861328125 0.18914351851851852 0.00984375 0.033185185185185186
0 0.54837646484375 0.2092638888888889 0.01006103515625 0.026962962962962963
0 0.64188720703125 0.2200462962962963 0.0216552734375 0.017837962962962965
0 0.636748046875 0.3755925925925926 0.00875 0.03608796296296297
0 0.68273681640625 0.4263055555555556 0.0079443359375 0.046671296296296294
0 0.74462158203125 0.3533796296296296 0.007265625 0.011976851851851853
0 0.707265625 0.2693888888888889 0.01439697265625 0.016638888888888887
0 0.78914794921875 0.30181018518518515 0.0157470703125 0.01834259259259259
0 0.81096923828125 0.3864861111111111 0.01259765625 0.012796296296296297
0 0.8492431640625 0.3138888888888889 0.0106787109375 0.012537037037037036
0 0.8706005859375 0.4209259259259259 0.0101708984375 0.016393518518518516