0 0.2304833984375 0.2549212962962963 0.0221044921875 0.01676851851851852
0 0.3206982421875 0.2562638888888889 0.00999267578125 0.013782407407407406
0 0.34318359375 0.35338425925925926 0.00953857421875 0.01162962962962963
0 0.482978515625 0.18175462962962963 0.00794921875 0.03273148148148148
0 0.4406201171875 0.2461435185185185 0.00635986328125 0.027134259259259257
0 0.4026904296875 0.35876851851851854 0.00772216796875 0.031870370370370375
1 0.45447509765625 0.3699675925925926 0.00726806640625 0.021532407407407406
1 0.40927734375 0.4479212962962963 0.00454345703125 0.014643518518518518
0 0.52919921875 0.2551851851851852 0.00635986328125 0.02799537037037037
0 0.51011962890625 0.36974999999999997 0.00590576171875 0.035745370370370365
0 0.39360595703125 0.6576712962962963 0.00726806640625 0.029287037037037035
0 0.54078125 0.5243703703703704 0.01771484375 0.014212962962962962
0 0.54100830078125 0.5588240740740741 0.0136279296875 0.01937962962962963
0 0.53476318359375 0.6001712962962963 0.0061328125 0.022828703703703705
0 0.601083984375 0.4968055555555555 0.005224609375 0.02971759259259259
1 0.61777587890625 0.4612731481481482 0.0036328125 0.018087962962962962
0 0.56224609375 0.4121759259259259 0.007041015625 0.03790277777777778
1 0.59392822265625 0.3557546296296296 0.00499755859375 0.012060185185185186
0 0.65071044921875 0.3958101851851852 0.00590576171875 0.04479166666666667
0 0.65173095703125 0.28425925925925927 0.0074951171875 0.013782407407407406
0 0.68693603515625 0.32301851851851854 0.01521728515625 0.013782407407407406
0 0.73497314453125 0.23838888888888887 0.0136279296875 0.014212962962962962
0 0.7378125 0.3495092592592593 0.0065869140625 0.01162962962962963
0 0.78005615234375 0.33120370370370367 0.01385498046875 0.01636574074074074
0 0.85548583984375 0.293875 0.011611328125 0.009587962962962963
1 0.82229248046875 0.3237685185185185 0.00441162109375 0.00900925925925926
0 0.23551025390625 0.3396111111111111 0.04052001953125 0.024814814814814814