0 0.192060546875 0.37636574074074075 0.01763916015625 0.01686111111111111
0 0.25240966796875 0.35908796296296297 0.0313427734375 0.03372685185185185
0 0.331923828125 0.2601111111111111 0.01697021484375 0.016560185185185188
1 0.43844482421875 0.2893287037037037 0.0052734375 0.024370370370370372
0 0.46118408203125 0.26386111111111116 0.00856689453125 0.034680555555555555
1 0.4022802734375 0.21558796296296298 0.005107421875 0.01375
1 0.4111767578125 0.32385185185185184 0.0044482421875 0.017185185185185185
0 0.41010498046875 0.40712037037037035 0.007578125 0.04499074074074074
1 0.3977490234375 0.45148611111111114 0.00362548828125 0.02249537037037037
1 0.42378173828125 0.41008796296296296 0.003955078125 0.012810185185185187
1 0.4556640625 0.4422685185185185 0.0037890625 0.017185185185185185
1 0.477744140625 0.3183842592592593 0.005107421875 0.01812037037037037
1 0.45096923828125 0.36775 0.00362548828125 0.01749537037037037
0 0.42921875 0.5225694444444444 0.006591796875 0.04593055555555555
1 0.444873046875 0.5385046296296296 0.00362548828125 0.012810185185185187
1 0.48944091796875 0.6317685185185185 0.00411865234375 0.01375
0 0.51909912109375 0.5106944444444445 0.00675537109375 0.035930555555555556
0 0.48062744140625 0.3993101851851852 0.00856689453125 0.04936574074074074
1 0.50114013671875 0.3660324074074074 0.005107421875 0.015935185185185188
1 0.490595703125 0.2066851851851852 0.0044482421875 0.010310185185185184
1 0.50138671875 0.2791712962962963 0.00494384765625 0.013435185185185185
0 0.51901611328125 0.2619861111111111 0.006591796875 0.033430555555555554
1 0.53582275390625 0.175125 0.00626220703125 0.012810185185185187
1 0.5987646484375 0.23855555555555555 0.00494384765625 0.009060185185185185
0 0.59332763671875 0.27870370370370373 0.02306640625 0.01499537037037037
1 0.53195068359375 0.31260185185185185 0.00477783203125 0.014060185185185186
0 0.55856201171875 0.3932175925925926 0.0082373046875 0.04093055555555555
1 0.54546142578125 0.6569212962962964 0.0044482421875 0.025310185185185186
1 0.56696533203125 0.6066157407407408 0.00428466796875 0.019685185185185188
0 0.6883154296875 0.334162037037037 0.01005126953125 0.013435185185185185
1 0.739228515625 0.24636574074074072 0.0097216796875 0.013435185185185185
0 0.74606689453125 0.2946388888888889 0.02339599609375 0.01687037037037037
1 0.7597412109375 0.32525925925925925 0.0082373046875 0.013125000000000001
1 0.81189208984375 0.34791203703703705 0.00543701171875 0.010310185185185184