1 0.82656982421875 0.30591666666666667 0.00556884765625 0.011143518518518518
0 0.77738525390625 0.22525925925925927 0.0148486328125 0.011731481481481482
0 0.730517578125 0.26133333333333336 0.01330078125 0.012319444444444444
0 0.64947021484375 0.18038425925925924 0.007734375 0.04986111111111111
0 0.5940966796875 0.22056481481481482 0.007734375 0.03402314814814814
1 0.5243408203125 0.19240740740740742 0.00556884765625 0.011731481481481482
1 0.566875 0.2962361111111111 0.00649658203125 0.010560185185185185
1 0.66060546875 0.35225925925925927 0.0052587890625 0.008800925925925927
0 0.629208984375 0.38481481481481483 0.00742431640625 0.03167592592592593
0 0.5936328125 0.4258796296296296 0.00742431640625 0.03871759259259259
0 0.6602978515625 0.4719259259259259 0.0071142578125 0.02639814814814815
1 0.55187255859375 0.48277777777777775 0.00556884765625 0.019944444444444445
0 0.65240966796875 0.6945462962962963 0.006806640625 0.03167592592592593
1 0.63075439453125 0.5572777777777778 0.00556884765625 0.017597222222222222
0 0.5243408203125 0.5464259259259259 0.0080419921875 0.02639814814814815
0 0.483662109375 0.6523101851851852 0.00649658203125 0.03637037037037037
1 0.45396484375 0.6109537037037037 0.0052587890625 0.018185185185185186
1 0.49232177734375 0.4349722222222222 0.0052587890625 0.014666666666666666
0 0.4582958984375 0.35225925925925927 0.00587646484375 0.03226388888888889
0 0.48520751953125 0.25077777777777777 0.00587646484375 0.028745370370370373
0 0.3979248046875 0.32557407407407407 0.0198046875 0.015912037037037037
0 0.40900390625 0.18204166666666666 0.0090625 0.011458333333333333
0 0.24536865234375 0.32525925925925925 0.01342529296875 0.014004629629629629
1 0.3583447265625 0.33652314814814815 0.0054248046875 0.011180555555555555
1 0.27545166015625 0.26608796296296294 0.008017578125 0.01073148148148148
0 0.30681640625 0.2582592592592593 0.014150390625 0.014759259259259258