0 0.17433349609375 0.4110231481481481 0.01181640625 0.008694444444444446
0 0.20837158203125 0.4090138888888889 0.0104052734375 0.014712962962962964
0 0.251669921875 0.34095833333333336 0.01234619140625 0.013712962962962963
0 0.30581298828125 0.33861574074074074 0.0119921875 0.015050925925925924
0 0.30034423828125 0.40249537037037036 0.008818359375 0.01437962962962963
0 0.32671142578125 0.2478148148148148 0.01569580078125 0.015384259259259257
0 0.31365966796875 0.2698888888888889 0.0072314453125 0.008694444444444446
0 0.36348388671875 0.3075138888888889 0.0102294921875 0.009027777777777777
0 0.34681640625 0.3866064814814815 0.00793701171875 0.012708333333333334
0 0.37679931640625 0.25500925925925927 0.008642578125 0.011703703703703704
0 0.46515625 0.22992592592592592 0.008994140625 0.029763888888888892
1 0.42715087890625 0.3081805555555555 0.00670166015625 0.016388888888888887
0 0.45245849609375 0.37707407407407406 0.00969970703125 0.03779166666666667
1 0.47018310546875 0.41185648148148146 0.0045849609375 0.015050925925925924
0 0.39114501953125 0.4498240740740741 0.0053564453125 0.025152777777777777
1 0.48400390625 0.5518472222222223 0.00587158203125 0.02012962962962963
0 0.38067626953125 0.6184444444444444 0.00880859375 0.041115740740740744
0 0.4368017578125 0.6150185185185185 0.0099365234375 0.05481944444444444
0 0.40122802734375 0.7096666666666667 0.00655029296875 0.0385462962962963
1 0.4246044921875 0.7357916666666666 0.00496826171875 0.020555555555555556
0 0.4654833984375 0.7060277777777778 0.0063232421875 0.044111111111111115
0 0.5548095703125 0.28973611111111114 0.0060986328125 0.027837962962962964
1 0.52973876953125 0.37560648148148146 0.007001953125 0.019699074074074074
0 0.59343017578125 0.4021574074074074 0.0060986328125 0.04197222222222222
0 0.564521484375 0.456125 0.0079052734375 0.030837962962962963
1 0.56248779296875 0.4526990740740741 0.0051953125 0.013703703703703704
0 0.5077197265625 0.4756111111111111 0.00767822265625 0.04154166666666667
0 0.5327880859375 0.5888935185185186 0.00587158203125 0.03169444444444444
1 0.5860888671875 0.6075231481481481 0.00361328125 0.01413425925925926
1 0.52330322265625 0.6638425925925926 0.00361328125 0.016273148148148148
0 0.5007177734375 0.801537037037037 0.00496826171875 0.027837962962962964
0 0.62019287109375 0.5002361111111111 0.00587158203125 0.03512037037037037
0 0.6127392578125 0.5509907407407408 0.0072265625 0.0355462962962963
0 0.616015625 0.2745324074074074 0.01287353515625 0.015416666666666665
0 0.57649169921875 0.2098611111111111 0.02100341796875 0.016273148148148148
1 0.57999267578125 0.2631805555555556 0.00858154296875 0.012421296296296295
0 0.63351806640625 0.36789814814814814 0.0117431640625 0.014560185185185185
0 0.66434814453125 0.3362037037037037 0.0079052734375 0.01199074074074074
0 0.677109375 0.2976574074074074 0.0117431640625 0.02226851851851852
0 0.7703857421875 0.47582407407407407 0.01038818359375 0.01712962962962963
0 0.71652099609375 0.45355555555555555 0.0115185546875 0.014560185185185185
0 0.77241943359375 0.40622685185185187 0.00858154296875 0.014990740740740742
0 0.85 0.48375000000000007 0.01016357421875 0.02012962962962963