0 0.1759765625 0.4151342592592593 0.0152880859375 0.022476851851851852
0 0.2006494140625 0.3190092592592592 0.011455078125 0.014356481481481482
0 0.24588623046875 0.41178703703703706 0.01184326171875 0.015828703703703702
0 0.27423095703125 0.3252685185185185 0.011455078125 0.013620370370370371
0 0.28296875 0.23580555555555555 0.02155029296875 0.025402777777777778
0 0.3291748046875 0.23525462962962962 0.01844482421875 0.012518518518518517
0 0.39050537109375 0.18678703703703703 0.0113037109375 0.03674537037037037
0 0.43935302734375 0.17811111111111114 0.00834228515625 0.03674537037037037
0 0.40907470703125 0.3002777777777778 0.00807373046875 0.03611111111111111
0 0.4760888671875 0.34461574074074075 0.00861328125 0.04439814814814815
0 0.3333154296875 0.3858240740740741 0.0088818359375 0.028578703703703703
0 0.4327587890625 0.45114814814814813 0.01076416015625 0.0347037037037037
0 0.31851318359375 0.6619212962962963 0.006728515625 0.046953703703703706
0 0.39481201171875 0.5312731481481481 0.00753662109375 0.0408287037037037
0 0.48227783203125 0.16994444444444443 0.0096875 0.03266203703703704
0 0.50205810546875 0.26537962962962963 0.0094189453125 0.03674537037037037
0 0.53812255859375 0.38250462962962967 0.00780517578125 0.03623611111111111
0 0.5760693359375 0.42486574074074074 0.00780517578125 0.04542129629629629
0 0.54767578125 0.5121342592592593 0.01668701171875 0.04542129629629629
0 0.48900634765625 0.5305046296296296 0.00807373046875 0.04236111111111111
0 0.429931640625 0.666513888888889 0.0088818359375 0.0347037037037037
0 0.55494140625 0.20412962962962963 0.02953369140625 0.026527777777777775
0 0.5652392578125 0.2675046296296296 0.01904296875 0.019162037037037036
0 0.62275390625 0.2616111111111111 0.01671142578125 0.02063425925925926
0 0.628388671875 0.3618333333333333 0.01165771484375 0.02210648148148148
0 0.72398681640625 0.4174675925925926 0.0124365234375 0.02874074074074074
0 0.72865234375 0.32093055555555555 0.0178759765625 0.03463425925925926
0 0.80229248046875 0.5022175925925926 0.01360107421875 0.024319444444444446