0 0.219208984375 0.40855092592592596 0.0110498046875 0.012925925925925928
0 0.147275390625 0.4433240740740741 0.01198974609375 0.013819444444444445
0 0.14786376953125 0.3673194444444444 0.009873046875 0.015157407407407408
0 0.26070068359375 0.3292037037037037 0.0145751953125 0.01738425925925926
0 0.2142724609375 0.36442129629629627 0.01198974609375 0.011143518518518518
0 0.2636376953125 0.24294907407407407 0.0176318359375 0.015157407407407408
1 0.30315673828125 0.36244907407407406 0.0055029296875 0.01
0 0.34890625 0.24373611111111113 0.007568359375 0.028263888888888887
0 0.384677734375 0.17046296296296296 0.0116943359375 0.040004629629629626
1 0.42572509765625 0.2315601851851852 0.004814453125 0.01
1 0.37791259765625 0.27069444444444446 0.0073388671875 0.01
0 0.3540771484375 0.3744074074074074 0.0059716796875 0.03255555555555555
1 0.3517138671875 0.4409398148148148 0.006220703125 0.015569444444444445
0 0.3989892578125 0.3109444444444444 0.00671875 0.023592592592592592
0 0.4368115234375 0.3463333333333333 0.006220703125 0.03302777777777778
0 0.381572265625 0.4553287037037037 0.006220703125 0.023592592592592592
0 0.474384765625 0.40555092592592595 0.006220703125 0.03255555555555555
0 0.5133251953125 0.34350462962962963 0.0064697265625 0.028310185185185185
0 0.42971923828125 0.4947268518518518 0.0064697265625 0.01934722222222222
0 0.3491015625 0.527287037037037 0.0069677734375 0.025009259259259262
0 0.36092041015625 0.7318333333333333 0.00671875 0.03114351851851852
0 0.44315673828125 0.6962083333333333 0.0054736328125 0.027837962962962964
0 0.38617431640625 0.6912546296296296 0.0054736328125 0.018875000000000003
0 0.46865966796875 0.6384074074074074 0.006220703125 0.02548148148148148
0 0.39077880859375 0.6294398148148148 0.006220703125 0.03114351851851852
0 0.5161865234375 0.23238425925925926 0.005224609375 0.03161574074074074
0 0.54144287109375 0.19841203703703703 0.0064697265625 0.036333333333333336
0 0.57204833984375 0.2720185185185185 0.0054736328125 0.02123148148148148
1 0.57839111328125 0.16750462962962964 0.006220703125 0.018875000000000003
1 0.55624755859375 0.3314722222222222 0.005224609375 0.015569444444444445
0 0.56906005859375 0.6891296296296296 0.0059716796875 0.01934722222222222
0 0.536962890625 0.7023425925925926 0.0069677734375 0.02878240740740741
0 0.55126953125 0.44660185185185186 0.006220703125 0.02878240740740741
0 0.5883447265625 0.4864722222222222 0.006220703125 0.028310185185185185
0 0.61980712890625 0.2771805555555556 0.0181787109375 0.019564814814814813
0 0.66955322265625 0.26437037037037037 0.0135107421875 0.015375
0 0.73047607421875 0.37198148148148147 0.0085986328125 0.014439814814814815
0 0.63294921875 0.340537037037037 0.01302001953125 0.020495370370370372
0 0.71610595703125 0.2555185185185185 0.01228271484375 0.016305555555555556
0 0.84778076171875 0.38013425925925926 0.0127734375 0.01490740740740741
0 0.794716796875 0.32516203703703705 0.0117919921875 0.011180555555555555