0 0.1585302734375 0.456837962962963 0.01500244140625 0.01976851851851852
0 0.2532421875 0.40862037037037036 0.01271240234375 0.013981481481481482
0 0.26557373046875 0.32858333333333334 0.013984375 0.018805555555555555
0 0.324052734375 0.24420833333333333 0.0104248046875 0.017837962962962965
0 0.33562255859375 0.2955601851851852 0.0183056640625 0.018319444444444444
0 0.44457275390625 0.17960185185185185 0.007373046875 0.01976851851851852
0 0.43516357421875 0.24686111111111111 0.013984375 0.046287037037037036
0 0.4172607421875 0.6516018518518518 0.0060791015625 0.03510648148148148
0 0.40910888671875 0.5234814814814815 0.0080126953125 0.0419212962962963
0 0.46893310546875 0.4951851851851851 0.006630859375 0.04296759259259259
0 0.42403076171875 0.3754490740740741 0.00856689453125 0.04349074074074074
0 0.47072998046875 0.30104166666666665 0.010224609375 0.04034722222222222
0 0.5685498046875 0.17135185185185187 0.02017333984375 0.019912037037037037
0 0.5218505859375 0.4008657407407407 0.0074609375 0.03563425925925926
0 0.5860986328125 0.3799027777777778 0.00442138671875 0.025152777777777777
0 0.57380126953125 0.4797268518518519 0.00967041015625 0.02987037037037037
0 0.565234375 0.6405972222222223 0.0069091796875 0.038254629629629625
0 0.4582958984375 0.5989398148148148 0.0074609375 0.014671296296296297
0 0.50858642578125 0.6429537037037036 0.0069091796875 0.02725
0 0.64509521484375 0.30182870370370374 0.01685546875 0.026199074074074076
0 0.60599365234375 0.3167592592592593 0.01879150390625 0.025675925925925925
0 0.62657958984375 0.3945740740740741 0.01519775390625 0.017814814814814815
0 0.68291259765625 0.414 0.01343017578125 0.026060185185185186
0 0.79285400390625 0.5312685185185185 0.01530517578125 0.030796296296296294