1 0.1490185546875 0.3705277777777778 0.00548583984375 0.011032407407407407
1 0.17791259765625 0.37969907407407405 0.00365478515625 0.008416666666666666
1 0.2196826171875 0.3680648148148148 0.0073095703125 0.010888888888888889
0 0.2297314453125 0.34851388888888885 0.01383544921875 0.01287037037037037
1 0.23847900390625 0.29158333333333336 0.0049609375 0.008416666666666666
0 0.2865771484375 0.36088888888888887 0.01579345703125 0.01287037037037037
0 0.2559033203125 0.37004629629629626 0.0097900390625 0.009902777777777778
1 0.27248046875 0.31002314814814813 0.0116162109375 0.01014814814814815
0 0.2509423828125 0.2745046296296296 0.0069189453125 0.008416666666666666
0 0.3558251953125 0.22524537037037035 0.02349609375 0.018314814814814815
0 0.39818115234375 0.5413333333333333 0.006396484375 0.03960185185185185
1 0.42102294921875 0.6325462962962963 0.0048291015625 0.022523148148148146
1 0.43369873046875 0.5591898148148148 0.004140625 0.011662037037037038
0 0.448193359375 0.6158333333333333 0.0047705078125 0.036888888888888895
0 0.46413330078125 0.6543888888888889 0.00527099609375 0.022611111111111113
1 0.48107666015625 0.5262268518518519 0.0030126953125 0.01713425925925926
1 0.51977783203125 0.6237916666666667 0.004677734375 0.013620370370370371
0 0.54725341796875 0.6051064814814815 0.00517822265625 0.030722222222222224
0 0.60245361328125 0.5883194444444444 0.0056787109375 0.02375462962962963
0 0.49798095703125 0.5357407407407407 0.00784912109375 0.04845833333333333
0 0.54265869140625 0.5468287037037037 0.00601318359375 0.02375462962962963
0 0.57906982421875 0.5170555555555555 0.00634765625 0.025652777777777778
0 0.51009033203125 0.3759537037037037 0.00601318359375 0.03040740740740741
0 0.498564453125 0.21616666666666667 0.00333984375 0.018055555555555554
0 0.45255126953125 0.386087962962963 0.006513671875 0.031671296296296295
0 0.72009033203125 0.3159027777777778 0.00747314453125 0.010078703703703704
0 0.7646044921875 0.2595277777777778 0.0094677734375 0.011337962962962963
0 0.7562158203125 0.288662037037037 0.01461669921875 0.013541666666666667
0 0.82597412109375 0.31118055555555557 0.00631103515625 0.011967592592592594
0 0.82663818359375 0.3478703703703704 0.00697509765625 0.014800925925925926