0 0.4578857421875 0.6409166666666667 0.01044921875 0.027115740740740742
1 0.4593994140625 0.5493935185185186 0.00632568359375 0.018250000000000002
1 0.48978759765625 0.42162962962962963 0.00659912109375 0.014078703703703704
1 0.50449951171875 0.4664768518518519 0.0041259765625 0.015125000000000001
1 0.5586767578125 0.4638703703703704 0.005224609375 0.017208333333333332
0 0.47534912109375 0.2646574074074074 0.00632568359375 0.0485
1 0.5134375 0.28447685185185184 0.004951171875 0.009907407407407406
1 0.5450634765625 0.20677314814814815 0.004951171875 0.01199537037037037
0 0.25286865234375 0.32828240740740744 0.0195263671875 0.020337962962962964
0 0.21684326171875 0.2873425925925926 0.0112744140625 0.00938888888888889
1 0.27665771484375 0.26856944444444447 0.00715087890625 0.011472222222222222
1 0.3011328125 0.2985555555555556 0.00659912109375 0.01199537037037037
0 0.27693115234375 0.2198101851851852 0.01594970703125 0.016166666666666666
0 0.343896484375 0.27534722222222224 0.02392578125 0.012513888888888889
0 0.361083984375 0.21589814814814814 0.00659912109375 0.010430555555555556
0 0.4097607421875 0.19894907407407408 0.0275 0.017208333333333332
1 0.487861328125 0.5968518518518519 0.004951171875 0.02137962962962963
1 0.54739990234375 0.5890277777777777 0.006875 0.016166666666666666
1 0.65093994140625 0.5546111111111112 0.00715087890625 0.016166666666666666
1 0.58892578125 0.5402685185185185 0.005224609375 0.018773148148148146
1 0.61904052734375 0.47064814814814815 0.00550048828125 0.015125000000000001
0 0.5555126953125 0.3423611111111111 0.0335498046875 0.022425925925925926
0 0.56197509765625 0.3668703703703704 0.00907470703125 0.02450925925925926
1 0.662490234375 0.2612685185185185 0.004951171875 0.014601851851851852
1 0.63952880859375 0.22111574074074075 0.005224609375 0.01564351851851852
1 0.60240234375 0.2917777777777778 0.00577392578125 0.01199537037037037
0 0.62948974609375 0.36895833333333333 0.00659912109375 0.028680555555555556
0 0.8726025390625 0.28458796296296296 0.00971435546875 0.015351851851851851
1 0.90708740234375 0.2885787037037037 0.00615234375 0.009824074074074074
0 0.822578125 0.2664722222222222 0.01392333984375 0.011050925925925926
1 0.8005615234375 0.30392592592592593 0.0074462890625 0.01473611111111111
1 0.80622802734375 0.3453703703703704 0.00841796875 0.01289351851851852
0 0.74211669921875 0.2606388888888889 0.01100830078125 0.01289351851851852
0 0.77222900390625 0.31375000000000003 0.01424560546875 0.018421296296296297
0 0.84184326171875 0.32265277777777773 0.01295166015625 0.019032407407407408