1 0.39904296875 0.18588888888888888 0.01057861328125 0.010699074074074074
0 0.32052734375 0.1658287037037037 0.02045166015625 0.012481481481481482
0 0.376357421875 0.2333611111111111 0.01410400390625 0.015601851851851853
1 0.3381591796875 0.26746296296296296 0.00540771484375 0.008916666666666668
0 0.47967529296875 0.15356944444444443 0.00681640625 0.02451851851851852
1 0.45111328125 0.17808796296296298 0.00564208984375 0.020953703703703704
1 0.5022412109375 0.1988148148148148 0.00399658203125 0.008023148148148147
1 0.51775634765625 0.16293055555555555 0.00399658203125 0.007578703703703704
1 0.56007080078125 0.15022685185185186 0.0049365234375 0.011587962962962963
0 0.562890625 0.2393796296296296 0.00540771484375 0.01961574074074074
0 0.5024755859375 0.3051342592592593 0.00587646484375 0.01738425925925926
1 0.4660400390625 0.3332175925925926 0.00399658203125 0.014708333333333334
0 0.47367919921875 0.40364814814814814 0.00705322265625 0.03164814814814815
1 0.49307373046875 0.5511990740740741 0.0049365234375 0.01738425925925926
1 0.454287109375 0.49079629629629623 0.003056640625 0.011587962962962963
0 0.47673583984375 0.4774259259259259 0.00564208984375 0.024962962962962965
1 0.546552734375 0.5159861111111111 0.00611083984375 0.00936111111111111
1 0.513525390625 0.43329166666666663 0.0049365234375 0.013375
1 0.58287353515625 0.10052314814814814 0.00540771484375 0.014708333333333334
1 0.64340576171875 0.17385185185185184 0.00423095703125 0.010699074074074074
1 0.59979736328125 0.1983703703703704 0.003056640625 0.010699074074074074
1 0.66620849609375 0.2170925925925926 0.00611083984375 0.009805555555555555
0 0.56876953125 0.49926851851851856 0.00681640625 0.031203703703703706
0 0.691796875 0.13750925925925925 0.01190185546875 0.012597222222222223
0 0.7182275390625 0.20022685185185185 0.01439208984375 0.011023148148148148
0 0.7886669921875 0.16165277777777778 0.01356201171875 0.011546296296296298
1 0.70862548828125 0.23014351851851853 0.00591552734375 0.007333333333333333
1 0.7436572265625 0.17363425925925927 0.00682373046875 0.009921296296296296
0 0.77004638671875 0.22237962962962962 0.01683349609375 0.011648148148148149
0 0.866552734375 0.20332407407407407 0.00769287109375 0.00935185185185185