0 0.87406982421875 0.4630694444444445 0.01400146484375 0.021796296296296296
0 0.80427001953125 0.42066666666666663 0.013583984375 0.021796296296296296
1 0.79705810546875 0.35408796296296297 0.00668701171875 0.009907407407407406
0 0.864873046875 0.3608240740740741 0.0085693359375 0.015453703703703706
0 0.73224609375 0.3714027777777778 0.008857421875 0.01399537037037037
0 0.688603515625 0.19199537037037037 0.01911865234375 0.02801851851851852
1 0.62298828125 0.22028703703703703 0.006083984375 0.016481481481481482
0 0.570263671875 0.19089814814814815 0.00666259765625 0.02911574074074074
0 0.531298828125 0.2205601851851852 0.00753173828125 0.03461111111111111
0 0.49479736328125 0.29225 0.0081103515625 0.038453703703703705
0 0.6448583984375 0.3922314814814815 0.0081103515625 0.03515740740740741
0 0.55143310546875 0.38975925925925925 0.0072412109375 0.02801851851851852
1 0.540859375 0.4853472222222222 0.00463623046875 0.019226851851851853
0 0.614296875 0.5188564814814814 0.00492431640625 0.030212962962962966
0 0.6476123046875 0.6984953703703703 0.00666259765625 0.03350925925925926
0 0.51420654296875 0.6221342592592592 0.00927001953125 0.04669444444444444
0 0.572001953125 0.5875277777777778 0.00666259765625 0.03680555555555556
1 0.65470947265625 0.5691203703703703 0.00579345703125 0.021972222222222223
1 0.4281689453125 0.7418935185185185 0.00463623046875 0.012634259259259258
0 0.40064697265625 0.7023379629629629 0.00753173828125 0.03570833333333333
0 0.4316455078125 0.5900000000000001 0.00869140625 0.010986111111111111
1 0.47191162109375 0.5471481481481482 0.00405517578125 0.015379629629629629
0 0.447431640625 0.46419907407407407 0.00550537109375 0.028564814814814817
1 0.41759521484375 0.32329166666666664 0.00666259765625 0.017027777777777777
0 0.4288916015625 0.2864861111111111 0.00840087890625 0.03570833333333333
0 0.40412353515625 0.18869907407407407 0.00869140625 0.03570833333333333
0 0.3037451171875 0.37245833333333334 0.01535400390625 0.017578703703703704
1 0.30128173828125 0.21781481481481482 0.0081103515625 0.013731481481481482
0 0.3356103515625 0.261212962962963 0.01709228515625 0.021425925925925928
0 0.25044189453125 0.3136759259259259 0.009560546875 0.013185185185185185
1 0.25594482421875 0.3861898148148148 0.00550537109375 0.009888888888888888
0 0.2059716796875 0.40514351851851854 0.01274658203125 0.015930555555555555
1 0.15962158203125 0.4213472222222222 0.00521484375 0.012083333333333335