0 0.13237060546875 0.31724074074074077 0.0125048828125 0.013212962962962963
0 0.1212060546875 0.4117546296296296 0.0069677734375 0.011180555555555555
0 0.16309814453125 0.3998981481481481 0.00928955078125 0.011856481481481482
0 0.233837890625 0.33299537037037036 0.00893310546875 0.011518518518518518
0 0.2651904296875 0.36618981481481483 0.0094677734375 0.010837962962962962
0 0.2444677734375 0.24356481481481482 0.014111328125 0.016259259259259258
0 0.3342333984375 0.2442407407407407 0.012861328125 0.010162037037037037
0 0.3512939453125 0.2350925925925926 0.00625244140625 0.024388888888888887
0 0.357099609375 0.1607361111111111 0.0064306640625 0.035569444444444445
0 0.40473388671875 0.16808796296296297 0.00545166015625 0.03292592592592593
0 0.39281982421875 0.255 0.00545166015625 0.022208333333333333
0 0.37515380859375 0.19527314814814817 0.00322998046875 0.013782407407407406
0 0.42149169921875 0.30037499999999995 0.0058544921875 0.020291666666666666
0 0.4001904296875 0.7167638888888889 0.005654296875 0.025268518518518517
0 0.3541552734375 0.640375 0.00444091796875 0.025652777777777778
0 0.4276513671875 0.625824074074074 0.005654296875 0.027949074074074074
0 0.37969482421875 0.4887546296296296 0.0058544921875 0.024888888888888887
0 0.46268310546875 0.45984722222222224 0.0058544921875 0.029097222222222222
0 0.47378662109375 0.7362870370370371 0.00666259765625 0.01225462962962963
0 0.49811767578125 0.6673703703703704 0.005654296875 0.029865740740740745
0 0.51861083984375 0.40011574074074074 0.00706787109375 0.029865740740740745
1 0.4876171875 0.3256435185185185 0.0052490234375 0.016462962962962964
0 0.48479248046875 0.1968009259259259 0.0052490234375 0.017611111111111112
0 0.442041015625 0.36887037037037035 0.00333984375 0.012092592592592592
0 0.3919287109375 0.3147361111111111 0.00333984375 0.010944444444444444
0 0.41880859375 0.45583333333333337 0.0048583984375 0.019004629629629628
0 0.54044189453125 0.5154398148148148 0.00516357421875 0.0287962962962963
0 0.55259033203125 0.31300925925925926 0.005771484375 0.03167592592592593
0 0.56063720703125 0.21769444444444447 0.00668212890625 0.031097222222222224
0 0.50779296875 0.26578240740740744 0.0048583984375 0.016703703703703703
0 0.60011962890625 0.16787962962962963 0.00668212890625 0.03052314814814815
0 0.57734130859375 0.6579814814814815 0.00668212890625 0.03167592592592593
0 0.5750634765625 0.433375 0.00698486328125 0.02361111111111111
0 0.6060400390625 0.4682175925925926 0.006376953125 0.026490740740740742
0 0.59677734375 0.5923240740740741 0.00607421875 0.009791666666666666
0 0.5946533203125 0.27758796296296295 0.0072900390625 0.034555555555555555
0 0.63671630859375 0.2554166666666667 0.01427490234375 0.015550925925925928
1 0.66025146484375 0.3305740740740741 0.00546630859375 0.012671296296296297
0 0.61393798828125 0.29918518518518517 0.01305908203125 0.016703703703703703
0 0.69821533203125 0.2643425925925926 0.0048583984375 0.013824074074074074
0 0.7676123046875 0.3228009259259259 0.01002197265625 0.019004629629629628
0 0.7797607421875 0.38154166666666667 0.00820068359375 0.01785185185185185
0 0.73010498046875 0.38730092592592597 0.009111328125 0.01785185185185185
0 0.7985888671875 0.4388472222222222 0.0106298828125 0.02188425925925926