1 0.15058349609375 0.43334259259259256 0.00772216796875 0.017356481481481483
0 0.4200634765625 0.23694444444444446 0.010107421875 0.03833796296296296
0 0.4065869140625 0.35488888888888886 0.01235595703125 0.041
0 0.45460205078125 0.3144212962962963 0.0095458984375 0.04419444444444444
0 0.5024755859375 0.26437037037037037 0.00982666015625 0.039935185185185185
1 0.532099609375 0.38204166666666667 0.007861328125 0.01863425925925926
0 0.556669921875 0.32639814814814816 0.00926513671875 0.03620833333333333
0 0.39984619140625 0.49492592592592594 0.008984375 0.039935185185185185
0 0.47587890625 0.6872638888888889 0.007861328125 0.039342592592592596
1 0.62301513671875 0.7114212962962964 0.0088916015625 0.023375
0 0.5079296875 0.5851527777777779 0.00909423828125 0.039851851851851854
0 0.5818896484375 0.6652407407407408 0.0062646484375 0.028356481481481483
0 0.62624755859375 0.6092962962962962 0.00646728515625 0.034486111111111106
0 0.61219970703125 0.30469907407407404 0.009951171875 0.04334722222222222
0 0.55666748046875 0.524236111111111 0.00914306640625 0.044875000000000005
0 0.63169677734375 0.4666111111111111 0.01183349609375 0.04283796296296297
0 0.74555908203125 0.31610648148148146 0.00946044921875 0.01988888888888889
0 0.78988037109375 0.2897824074074074 0.01748291015625 0.021842592592592594