0 0.1211474609375 0.4348148148148148 0.01253173828125 0.014962962962962963
0 0.16466064453125 0.4486759259259259 0.0132275390625 0.01100462962962963
0 0.2355615234375 0.44493518518518516 0.01392578125 0.013203703703703704
0 0.19958984375 0.34371296296296294 0.016708984375 0.009680555555555555
1 0.27687255859375 0.3754027777777778 0.006962890625 0.015842592592592592
0 0.3788720703125 0.3507546296296296 0.00719482421875 0.03608796296296297
0 0.43735595703125 0.2798981481481482 0.00765869140625 0.03432870370370371
0 0.471240234375 0.3309490740740741 0.00626708984375 0.031685185185185184
1 0.3938427734375 0.37474074074074076 0.00417724609375 0.013643518518518518
0 0.41217529296875 0.4372361111111111 0.008818359375 0.040046296296296295
0 0.4421142578125 0.4770601851851852 0.007890625 0.02816666666666667
0 0.36877685546875 0.5281111111111111 0.00556884765625 0.03784722222222222
1 0.40637451171875 0.49796759259259255 0.00510498046875 0.023324074074074077
1 0.47588134765625 0.540875 0.0039453125 0.01848611111111111
0 0.4500048828125 0.6018287037037037 0.00510498046875 0.03652777777777778
0 0.40081298828125 0.663412037037037 0.0081884765625 0.039625
1 0.41239013671875 0.7723749999999999 0.00536376953125 0.026236111111111113
0 0.4790283203125 0.7207037037037037 0.00875244140625 0.04712037037037037
1 0.488203125 0.7750509259259258 0.00395263671875 0.014458333333333333
0 0.50669921875 0.6331620370370371 0.00705810546875 0.03801851851851852
0 0.58025390625 0.7469398148148149 0.0062109375 0.03748148148148148
1 0.53521728515625 0.6955416666666666 0.0047998046875 0.018203703703703705
0 0.54439453125 0.6840277777777778 0.0050830078125 0.03480555555555556
1 0.5757373046875 0.5847037037037037 0.0062109375 0.01713425925925926
0 0.491875 0.4446851851851852 0.00564697265625 0.03908796296296296
0 0.54679443359375 0.4331712962962963 0.0047998046875 0.027842592592592592
0 0.5315478515625 0.2714675925925926 0.00705810546875 0.03426851851851852
0 0.56782958984375 0.3689212962962963 0.0062109375 0.03426851851851852
0 0.52067626953125 0.38658796296296294 0.003388671875 0.014990740740740742
0 0.717548828125 0.34307407407407403 0.01286865234375 0.01800925925925926
0 0.77713623046875 0.4077037037037037 0.0088037109375 0.012699074074074074
0 0.82679443359375 0.4069768518518519 0.01358642578125 0.016328703703703706
0 0.8000048828125 0.368875 0.007080078125 0.009074074074074075