0 0.17712158203125 0.4723888888888889 0.01482666015625 0.009148148148148148
0 0.1852490234375 0.3882083333333333 0.00750244140625 0.008805555555555556
0 0.20243896484375 0.403625 0.03512451171875 0.038287037037037036
0 0.18488037109375 0.4495277777777778 0.0061474609375 0.00787037037037037
0 0.20647216796875 0.41936574074074073 0.00537841796875 0.010490740740740741
1 0.2493505859375 0.41863425925925923 0.00722412109375 0.010199074074074074
0 0.24589111328125 0.33791203703703704 0.0070703125 0.010199074074074074
0 0.2726318359375 0.3517546296296296 0.00583984375 0.01399074074074074
0 0.28923095703125 0.3092037037037037 0.0070703125 0.011074074074074075
0 0.2932275390625 0.37812962962962965 0.02028564453125 0.024189814814814813
0 0.36918212890625 0.24079166666666668 0.0219482421875 0.02180092592592593
0 0.3779345703125 0.29900925925925925 0.0201171875 0.020314814814814817
0 0.38564208984375 0.2655648148148148 0.01306396484375 0.013875
1 0.53038818359375 0.23459722222222223 0.00731689453125 0.016351851851851854
0 0.51837158203125 0.27473148148148147 0.0261279296875 0.015361111111111112
1 0.5084423828125 0.3047037037037037 0.0067919921875 0.017837962962962965
0 0.47578369140625 0.40602777777777777 0.00940673828125 0.04508796296296296
1 0.49328857421875 0.6919027777777778 0.0057470703125 0.017342592592592593
1 0.42627197265625 0.6686157407407407 0.00496337890625 0.01437037037037037
1 0.459453125 0.6421111111111111 0.0081005859375 0.018828703703703705
0 0.4339794921875 0.5742314814814814 0.00888427734375 0.06341666666666666
1 0.47094970703125 0.5288981481481482 0.00548583984375 0.018333333333333333
1 0.4871484375 0.5833981481481482 0.00653076171875 0.016351851851851854
0 0.52294189453125 0.5890972222222223 0.00705322265625 0.06143518518518518
1 0.530126953125 0.6260092592592593 0.0036572265625 0.024277777777777777
1 0.575068359375 0.689675925925926 0.005224609375 0.01287962962962963
0 0.59910400390625 0.5841435185185185 0.00731689453125 0.04360185185185186
1 0.5697119140625 0.5853796296296296 0.00496337890625 0.019324074074074073
1 0.57676513671875 0.6101527777777778 0.0081005859375 0.01437037037037037
0 0.57101806640625 0.40652314814814816 0.0101904296875 0.04905092592592593
0 0.65658447265625 0.2995046296296296 0.0250830078125 0.02725
0 0.75730712890625 0.3839768518518518 0.03474853515625 0.036662037037037035
0 0.72007568359375 0.30569444444444444 0.00940673828125 0.013875
0 0.72686767578125 0.3379027777777778 0.01045166015625 0.010898148148148148
0 0.70740234375 0.3862083333333334 0.0117578125 0.021305555555555557
0 0.81439697265625 0.40676851851851853 0.00940673828125 0.01486574074074074
0 0.8437890625 0.38694907407407403 0.00705322265625 0.009907407407407406
0 0.77925537109375 0.3530138888888889 0.008623046875 0.01437037037037037
0 0.81217529296875 0.3512777777777778 0.01802734375 0.020810185185185185