0 0.32889892578125 0.21394907407407407 0.009892578125 0.012773148148148148
0 0.36510498046875 0.21774537037037037 0.01662841796875 0.012375
0 0.3080615234375 0.31833333333333336 0.0191552734375 0.017162037037037038
0 0.36036865234375 0.37980555555555556 0.007578125 0.011574074074074073
0 0.43162109375 0.19259722222222223 0.00484130859375 0.017162037037037038
0 0.474248046875 0.21415277777777778 0.0054736328125 0.03073611111111111
0 0.5009814453125 0.27302777777777776 0.0058935546875 0.0606712962962963
0 0.42751708984375 0.3085509259259259 0.007578125 0.04231018518518519
0 0.45677734375 0.3556527777777778 0.0058935546875 0.040712962962962965
0 0.42231689453125 0.4053981481481481 0.0073095703125 0.03464814814814815
0 0.52821044921875 0.3333287037037037 0.0062158203125 0.035833333333333335
1 0.5729638671875 0.3790648148148148 0.0057177734375 0.023574074074074074
1 0.5205029296875 0.45614814814814814 0.00422607421875 0.0165
0 0.54822509765625 0.49481018518518516 0.00696044921875 0.03536111111111111
0 0.45386962890625 0.502824074074074 0.008701171875 0.04762037037037037
0 0.49899658203125 0.5792037037037037 0.00646484375 0.038189814814814815
0 0.5848974609375 0.5697731481481482 0.0067138671875 0.036305555555555556
1 0.6349951171875 0.4830231481481481 0.00646484375 0.040074074074074074
0 0.6046630859375 0.3495972222222222 0.00546875 0.02498611111111111
0 0.6298974609375 0.26331944444444444 0.00770751953125 0.03536111111111111
1 0.665576171875 0.32649537037037035 0.00546875 0.013671296296296296
0 0.70013671875 0.23031481481481483 0.01740478515625 0.011787037037037037
1 0.713935546875 0.2567175925925926 0.00919921875 0.008958333333333334
0 0.77509765625 0.25294444444444447 0.01069091796875 0.0165
1 0.77547119140625 0.3840138888888889 0.00646484375 0.013671296296296296
0 0.8748583984375 0.2799351851851852 0.01605712890625 0.015717592592592596
0 0.89091552734375 0.3757037037037037 0.01035888671875 0.010805555555555556