0 0.26848388671875 0.40424537037037034 0.01362548828125 0.013833333333333333
0 0.314833984375 0.4042777777777778 0.00878173828125 0.011925925925925927
0 0.2932958984375 0.33575462962962965 0.01625732421875 0.013050925925925926
0 0.4066259765625 0.3723240740740741 0.01697021484375 0.011476851851851851
0 0.466318359375 0.34205555555555556 0.01079833984375 0.04365740740740741
0 0.51343994140625 0.36618055555555556 0.009736328125 0.03624074074074074
1 0.46109130859375 0.5970833333333333 0.00384765625 0.01800925925925926
0 0.44017822265625 0.6305879629629629 0.0060107421875 0.027125000000000003
1 0.4915625 0.6707037037037037 0.00516845703125 0.011625
1 0.49234375 0.6890555555555555 0.00384765625 0.014587962962962964
0 0.4479296875 0.7386296296296296 0.00636962890625 0.027125000000000003
0 0.55160400390625 0.7749861111111112 0.00552978515625 0.028263888888888887
1 0.56212158203125 0.7615370370370371 0.00324462890625 0.007749999999999999
0 0.58844482421875 0.6653472222222223 0.00420654296875 0.03191203703703704
0 0.60064697265625 0.6652361111111111 0.0060107421875 0.03715277777777778
1 0.56404541015625 0.611212962962963 0.0046875 0.018462962962962966
0 0.5435498046875 0.44698611111111114 0.00625 0.036472222222222225
0 0.57384033203125 0.34042592592592597 0.0084130859375 0.08046296296296297
1 0.59349365234375 0.3830462962962963 0.00396728515625 0.016638888888888887
1 0.61559326171875 0.33864351851851854 0.00422119140625 0.009337962962962965
0 0.6120751953125 0.39767592592592593 0.0063330078125 0.0317962962962963
0 0.73466552734375 0.38689351851851855 0.015126953125 0.015564814814814814