0 0.18060546875 0.5435509259259259 0.01172607421875 0.020356481481481482
0 0.32274658203125 0.29361574074074076 0.006455078125 0.011935185185185186
0 0.3588134765625 0.3587962962962963 0.0159765625 0.018055555555555554
0 0.281435546875 0.377462962962963 0.013876953125 0.018666666666666668
1 0.3187109375 0.42336574074074074 0.00774658203125 0.011935185185185186
0 0.41585693359375 0.2041111111111111 0.0167822265625 0.022643518518518518
0 0.37199462890625 0.2794675925925926 0.01510009765625 0.013768518518518518
1 0.4602392578125 0.7526574074074074 0.0087255859375 0.020055555555555556
1 0.4626025390625 0.42170833333333335 0.00631591796875 0.020435185185185185
0 0.47858154296875 0.30033796296296295 0.008544921875 0.03910648148148148
1 0.5589208984375 0.31627777777777777 0.00911376953125 0.02074074074074074
0 0.528046875 0.4834907407407407 0.0093408203125 0.04580092592592593
1 0.538642578125 0.7142222222222222 0.00774658203125 0.025925925925925925
1 0.61883544921875 0.5051342592592593 0.01023681640625 0.022060185185185186
1 0.61895263671875 0.20800925925925925 0.0072119140625 0.018087962962962962
1 0.63349365234375 0.28565277777777776 0.0083740234375 0.017203703703703704
0 0.684326171875 0.3443287037037037 0.01465576171875 0.02337962962962963
0 0.74248779296875 0.34697685185185184 0.0137255859375 0.02691203703703704
1 0.80476806640625 0.4280324074074074 0.0062646484375 0.013796296296296296
0 0.7934521484375 0.48071759259259256 0.0094970703125 0.019541666666666666
0 0.71448486328125 0.45310648148148147 0.00636962890625 0.011685185185185184
0 0.5048828125 0.3458703703703704 0.00981689453125 0.021625000000000002
0 0.4987060546875 0.5371666666666667 0.01103271484375 0.026166666666666668
0 0.4262548828125 0.6280972222222222 0.01487060546875 0.027912037037037037
0 0.42421142578125 0.47456944444444443 0.00921630859375 0.020722222222222222
0 0.58416259765625 0.7753796296296296 0.011806640625 0.022601851851851852
0 0.63373291015625 0.6670833333333334 0.0091796875 0.021763888888888888