0 0.14947265625 0.36315277777777777 0.00990966796875 0.011587962962962963
0 0.20273681640625 0.3808472222222222 0.01172607421875 0.014407407407407409
0 0.242685546875 0.39052314814814815 0.01510986328125 0.014328703703703703
0 0.250126953125 0.31606481481481485 0.01762939453125 0.014759259259259258
0 0.30049560546875 0.33299999999999996 0.010302734375 0.013023148148148148
0 0.3488037109375 0.33820833333333333 0.02587158203125 0.0165
0 0.46204345703125 0.7623564814814815 0.0093701171875 0.034194444444444444
0 0.40043212890625 0.7229629629629629 0.00636474609375 0.03318981481481481
1 0.42085205078125 0.6884351851851852 0.0040673828125 0.011064814814814814
0 0.383017578125 0.5301944444444444 0.010078125 0.03386111111111111
0 0.45453125 0.5196342592592593 0.00671875 0.03553703703703704
0 0.42429931640625 0.45979166666666665 0.00636474609375 0.03050925925925926
0 0.41766845703125 0.3687731481481481 0.01255126953125 0.010726851851851852
0 0.40803466796875 0.32116666666666666 0.0077783203125 0.032185185185185185
0 0.3856689453125 0.2801018518518518 0.00795654296875 0.04056481481481482
0 0.44312744140625 0.2390324074074074 0.0104296875 0.04089814814814815
0 0.47981201171875 0.3015555555555556 0.0091943359375 0.03922222222222222
0 0.47884033203125 0.620712962962963 0.00901611328125 0.03587037037037037
1 0.54159912109375 0.7697314814814814 0.0058349609375 0.014078703703703704
0 0.5086279296875 0.6606064814814815 0.0077783203125 0.05330555555555556
0 0.53532470703125 0.5524907407407408 0.00671875 0.03352314814814815
0 0.49439697265625 0.40447685185185184 0.00724853515625 0.03587037037037037
0 0.50412109375 0.39911574074074074 0.00724853515625 0.027824074074074074
1 0.5049169921875 0.2606574074074074 0.0095458984375 0.015087962962962964
1 0.58783203125 0.2539490740740741 0.00742431640625 0.017097222222222222
0 0.569091796875 0.3151342592592593 0.00742431640625 0.030842592592592595
0 0.58685791015625 0.6294305555555555 0.00901611328125 0.03587037037037037
0 0.628818359375 0.31781481481481483 0.02292724609375 0.01810185185185185
0 0.6672412109375 0.26266666666666666 0.015380859375 0.015087962962962964
0 0.72696533203125 0.27574074074074073 0.01414306640625 0.015087962962962964
0 0.80003662109375 0.3261990740740741 0.0188525390625 0.020787037037037038
0 0.812734375 0.3870462962962963 0.0178564453125 0.01776851851851852