0 0.18666259765625 0.5470694444444445 0.0060400390625 0.01014814814814815
1 0.20297119140625 0.43137037037037035 0.00759521484375 0.013092592592592593
0 0.249658203125 0.4850462962962963 0.016396484375 0.01898148148148148
0 0.25992919921875 0.40043981481481483 0.005869140625 0.013416666666666667
0 0.295224609375 0.3096203703703704 0.0129443359375 0.012435185185185185
0 0.3383740234375 0.3176388888888889 0.0188134765625 0.022583333333333334
0 0.310498046875 0.37704166666666666 0.01415283203125 0.01112962962962963
0 0.3473486328125 0.3533101851851852 0.00845703125 0.014726851851851852
0 0.3748779296875 0.24317592592592593 0.00759521484375 0.013745370370370371
0 0.4726513671875 0.26252777777777775 0.00922119140625 0.05434722222222222
0 0.43663818359375 0.33696296296296296 0.00847412109375 0.038754629629629625
0 0.5406884765625 0.34405555555555556 0.00772705078125 0.04348148148148148
1 0.51599609375 0.4055462962962963 0.006259765625 0.017097222222222222
0 0.39967529296875 0.5969212962962962 0.00751220703125 0.03799074074074074
1 0.4861962890625 0.7099398148148148 0.00475830078125 0.018046296296296296
0 0.532275390625 0.4760648148148148 0.0087646484375 0.035615740740740746
0 0.6262451171875 0.29252314814814817 0.0257568359375 0.028986111111111112
1 0.6872412109375 0.38055092592592593 0.0073583984375 0.017175925925925928
0 0.77102294921875 0.37759722222222225 0.02207763671875 0.03274074074074074
1 0.8112158203125 0.40202314814814816 0.0067919921875 0.017175925925925928
0 0.80796142578125 0.42993055555555554 0.01330322265625 0.01287962962962963
1 0.8226806640625 0.5109814814814815 0.00594482421875 0.015027777777777779