0 0.85244384765625 0.39591666666666664 0.01859130859375 0.018439814814814815
0 0.7969580078125 0.392662037037037 0.00715087890625 0.014101851851851852
0 0.7572021484375 0.4037824074074074 0.0105810546875 0.014643518518518518
0 0.8053955078125 0.29341203703703705 0.00972412109375 0.014101851851851852
0 0.6693994140625 0.2939537037037037 0.0054345703125 0.03796296296296296
0 0.71201416015625 0.3346342592592592 0.014013671875 0.011930555555555555
0 0.59346435546875 0.3189027777777778 0.0080078125 0.059657407407407416
1 0.625498046875 0.3915787037037037 0.00514892578125 0.02277777777777778
0 0.66081787109375 0.4555787037037037 0.00715087890625 0.03254166666666667
0 0.542841796875 0.2953101851851852 0.0080078125 0.03959259259259259
0 0.6136279296875 0.523912037037037 0.00772216796875 0.04989814814814815
0 0.66067626953125 0.5955046296296296 0.0080078125 0.03145833333333333
0 0.546845703125 0.6719768518518519 0.0074365234375 0.04121759259259259
0 0.63236083984375 0.7563101851851852 0.0074365234375 0.042847222222222224
1 0.56514892578125 0.820037037037037 0.00400390625 0.01626851851851852
1 0.68555908203125 0.6879768518518519 0.0045751953125 0.012472222222222223
0 0.429296875 0.31619444444444444 0.00972412109375 0.042305555555555555
1 0.4278662109375 0.34629166666666666 0.00572021484375 0.017898148148148146
0 0.4796337890625 0.3484629629629629 0.0074365234375 0.04067592592592593
1 0.51767333984375 0.3723240740740741 0.00572021484375 0.015726851851851853
0 0.44402587890625 0.4227638888888889 0.00829345703125 0.03633796296296296
1 0.57015380859375 0.5206574074074074 0.00371826171875 0.01301851851851852
0 0.47505859375 0.513337962962963 0.0085791015625 0.047185185185185184
0 0.42414794921875 0.5697407407407408 0.00915283203125 0.047185185185185184
1 0.47691650390625 0.6410601851851853 0.0054345703125 0.01952314814814815
0 0.43658935546875 0.7281111111111112 0.0065771484375 0.038509259259259264
0 0.513095703125 0.7796342592592592 0.0074365234375 0.038509259259259264
1 0.33462890625 0.3471064814814815 0.00629150390625 0.008675925925925925
0 0.30931640625 0.44012037037037033 0.010009765625 0.012472222222222223
0 0.369521484375 0.27416203703703707 0.01372802734375 0.014643518518518518
0 0.22837646484375 0.44147685185185187 0.0094384765625 0.014101851851851852
0 0.2003466796875 0.4262916666666666 0.0105810546875 0.011930555555555555
0 0.257119140625 0.36066666666666664 0.01429931640625 0.010847222222222222