1 0.48207275390625 0.2660046296296297 0.00695556640625 0.018319444444444444
0 0.4028564453125 0.2995277777777778 0.00927490234375 0.03334259259259259
1 0.43183837890625 0.34019907407407407 0.00541015625 0.017953703703703704
0 0.6060546875 0.361875 0.023291015625 0.013773148148148149
0 0.6505908203125 0.31650925925925927 0.0102734375 0.009546296296296298
0 0.69359375 0.2645648148148148 0.01420654296875 0.013708333333333333
1 0.66946533203125 0.3718935185185185 0.00579345703125 0.0076851851851851855
0 0.75378662109375 0.31236111111111114 0.01902099609375 0.01952777777777778
0 0.74352294921875 0.4073148148148148 0.011083984375 0.008703703703703705
1 0.7782177734375 0.37467129629629625 0.0042626953125 0.008333333333333333
0 0.8437353515625 0.34664351851851855 0.0177294921875 0.02203240740740741
0 0.81889404296875 0.3772222222222222 0.0095166015625 0.01025462962962963
0 0.79881103515625 0.3171064814814815 0.00941650390625 0.012347222222222223
0 0.57409912109375 0.3207777777777778 0.00884521484375 0.0455324074074074
1 0.5351025390625 0.33087962962962963 0.0061376953125 0.016092592592592592
0 0.5567236328125 0.3658842592592592 0.0098388671875 0.018657407407407407
0 0.53708984375 0.26163888888888887 0.00884521484375 0.03200925925925926
0 0.506708984375 0.4259444444444444 0.00975341796875 0.03662962962962963
1 0.48810546875 0.7658703703703703 0.00508056640625 0.010032407407407408
0 0.48469970703125 0.5644861111111111 0.0070703125 0.025625000000000002
0 0.46866455078125 0.36335185185185187 0.00669677734375 0.0364537037037037
0 0.36055419921875 0.322625 0.01558837890625 0.014212962962962962
0 0.14795654296875 0.424875 0.0108349609375 0.008662037037037038
0 0.1768017578125 0.38019444444444445 0.0176220703125 0.017328703703703704
0 0.1751708984375 0.4094027777777777 0.011748046875 0.010888888888888889
1 0.1953369140625 0.41385648148148146 0.006396484375 0.009902777777777778
0 0.2700244140625 0.4057731481481482 0.0191552734375 0.01649074074074074
0 0.224189453125 0.4051712962962963 0.0101416015625 0.009435185185185185
1 0.4489453125 0.7046342592592593 0.0190673828125 0.014902777777777777
1 0.4479248046875 0.7268564814814815 0.01499267578125 0.02014814814814815
0 0.412265625 0.7441064814814815 0.00887939453125 0.03256944444444444
0 0.391201171875 0.606037037037037 0.011328125 0.017638888888888888
1 0.4065234375 0.5766435185185185 0.0064404296875 0.013569444444444443
0 0.4005029296875 0.5506342592592592 0.0082275390625 0.03482407407407408
0 0.4033642578125 0.4103194444444444 0.008466796875 0.03640740740740741
0 0.459541015625 0.3924675925925926 0.00855224609375 0.016439814814814813
0 0.4584130859375 0.5026064814814816 0.00677001953125 0.03400925925925925
0 0.447841796875 0.5057592592592592 0.012470703125 0.03536111111111111
0 0.4876318359375 0.6726574074074074 0.00890869140625 0.015092592592592593
0 0.52367919921875 0.6320046296296297 0.00712646484375 0.019819444444444445
0 0.52531982421875 0.47118055555555555 0.0080615234375 0.02277777777777778
0 0.50611572265625 0.2759027777777778 0.00961669921875 0.011143518518518518
0 0.482578125 0.3142037037037037 0.00825927734375 0.012606481481481482
0 0.48217529296875 0.37742592592592594 0.0094677734375 0.022921296296296294
0 0.57251220703125 0.7537916666666666 0.0101611328125 0.021513888888888888
1 0.55151611328125 0.5934027777777777 0.006435546875 0.025689814814814815
0 0.58919189453125 0.5270925925925926 0.00863525390625 0.03435648148148148
0 0.5868212890625 0.6574629629629629 0.0072802734375 0.018944444444444444
0 0.54304931640625 0.7281018518518518 0.009482421875 0.03050462962962963