1 0.1592529296875 0.42969444444444443 0.006494140625 0.009101851851851852
0 0.1918603515625 0.34767592592592594 0.0146142578125 0.014657407407407407
0 0.25266845703125 0.3173472222222222 0.015810546875 0.014018518518518519
0 0.29497802734375 0.29001851851851856 0.01123046875 0.015032407407407408
0 0.427333984375 0.20466666666666666 0.0083349609375 0.03728703703703704
0 0.4636669921875 0.23019907407407408 0.00748046875 0.03728703703703704
0 0.488671875 0.23749074074074075 0.01047119140625 0.05430555555555555
0 0.43342529296875 0.2863287037037037 0.007265625 0.03444907407407407
0 0.53280517578125 0.24499074074074073 0.00683837890625 0.0385
0 0.5137841796875 0.27720833333333333 0.005556640625 0.025939814814814815
0 0.53836181640625 0.40102314814814816 0.00812255859375 0.039310185185185184
0 0.47905517578125 0.3621157407407407 0.00961669921875 0.02877314814814815
0 0.4431494140625 0.4225 0.0083349609375 0.032018518518518516
0 0.51474609375 0.541449074074074 0.01047119140625 0.03809722222222223
0 0.6160498046875 0.558875 0.0100439453125 0.047824074074074074
0 0.59948486328125 0.6089305555555555 0.00683837890625 0.029583333333333333
0 0.57073974609375 0.4972731481481481 0.0066259765625 0.039717592592592596
0 0.60504150390625 0.44580555555555557 0.007265625 0.03485185185185185
0 0.58954833984375 0.305375 0.00961669921875 0.032018518518518516
1 0.741396484375 0.3116574074074074 0.00512939453125 0.011347222222222222
0 0.73327392578125 0.32625000000000004 0.0141064453125 0.016212962962962964
1 0.7552880859375 0.29686574074074074 0.0064111328125 0.01175462962962963
0 0.8318896484375 0.4117962962962963 0.01353515625 0.019800925925925927
0 0.774072265625 0.3096712962962963 0.00850830078125 0.012101851851851851