0 0.17249755859375 0.44274074074074077 0.0111572265625 0.012907407407407407
0 0.25545654296875 0.35292129629629626 0.012607421875 0.015657407407407408
0 0.37328125 0.2884953703703704 0.0186328125 0.016291666666666666
1 0.41953125 0.2924074074074074 0.00624755859375 0.013541666666666667
0 0.47197265625 0.3149444444444444 0.00803466796875 0.03237037037037037
0 0.4250537109375 0.4006342592592593 0.00658203125 0.03660185185185185
0 0.45707763671875 0.47236111111111106 0.00546630859375 0.03152777777777777
0 0.413115234375 0.5362592592592592 0.00658203125 0.02941203703703704
0 0.49562744140625 0.7198101851851851 0.006025390625 0.031314814814814816
0 0.465947265625 0.6474444444444445 0.00647216796875 0.03724074074074074
0 0.50962890625 0.39566203703703706 0.0045751953125 0.022851851851851852
0 0.5967724609375 0.2747407407407408 0.00725341796875 0.034486111111111106
1 0.5355712890625 0.32086574074074076 0.0051318359375 0.015444444444444445
0 0.561123046875 0.5316064814814815 0.0053564453125 0.029833333333333333
0 0.59398193359375 0.6029074074074074 0.0061376953125 0.03237037037037037
1 0.5553759765625 0.7465740740740741 0.00412841796875 0.014175925925925927
1 0.60603271484375 0.4448564814814815 0.0043505859375 0.016712962962962964
0 0.6200927734375 0.30795833333333333 0.01394775390625 0.015444444444444445
1 0.72095703125 0.36466666666666664 0.00769775390625 0.012907407407407407
0 0.798466796875 0.4027777777777778 0.013759765625 0.013699074074074074