0 0.2783642578125 0.4186851851851852 0.01630126953125 0.022587962962962962
0 0.3943505859375 0.2562037037037037 0.02257080078125 0.024175925925925927
1 0.3810791015625 0.342 0.0085693359375 0.01664351851851852
0 0.350986328125 0.4170972222222222 0.00898681640625 0.009907407407407406
0 0.3797216796875 0.40976851851851853 0.0125390625 0.011888888888888888
0 0.52863525390625 0.32004166666666667 0.00661376953125 0.03628240740740741
0 0.4445458984375 0.25934722222222223 0.01748046875 0.014333333333333333
0 0.4470263671875 0.3990972222222222 0.0068505859375 0.034041666666666665
0 0.5038330078125 0.708837962962963 0.00661376953125 0.03359259259259259
0 0.44867919921875 0.6837546296296296 0.00779541015625 0.037175925925925925
0 0.52249267578125 0.5399675925925925 0.0080322265625 0.03986574074074074
0 0.56087890625 0.4635972222222222 0.0068505859375 0.037625
0 0.46568603515625 0.47748611111111106 0.006376953125 0.03493981481481481
0 0.5567431640625 0.19618981481481482 0.00850341796875 0.027773148148148148
0 0.5992626953125 0.1854398148148148 0.00708740234375 0.031356481481481485
0 0.6702587890625 0.21466203703703704 0.020556640625 0.019240740740740742
0 0.705634765625 0.17263888888888887 0.01121337890625 0.01721296296296296
0 0.68187255859375 0.2817453703703704 0.01281494140625 0.016708333333333335
0 0.6009765625 0.35869907407407403 0.0090771484375 0.030884259259259257
0 0.661181640625 0.3946435185185185 0.00774169921875 0.031893518518518515
0 0.5628759765625 0.6652592592592593 0.0098486328125 0.03186111111111111
0 0.686865234375 0.6608657407407408 0.006953125 0.032962962962962965
0 0.6777392578125 0.5383611111111111 0.01361572265625 0.05713425925925926
0 0.6216845703125 0.5402824074074074 0.00869140625 0.03461111111111111
0 0.699033203125 0.43041203703703707 0.006953125 0.03790277777777778
0 0.91733154296875 0.4698888888888889 0.0119384765625 0.018754629629629628
0 0.8373486328125 0.4152361111111111 0.01227783203125 0.020699074074074075
0 0.73451416015625 0.2687407407407407 0.01466552734375 0.020050925925925927
0 0.75514892578125 0.22346296296296297 0.01773681640625 0.025226851851851854
0 0.78857421875 0.31918981481481484 0.014326171875 0.021342592592592594