0 0.2392578125 0.3912638888888889 0.01220458984375 0.013981481481481482
0 0.2565478515625 0.3208703703703704 0.0111865234375 0.014944444444444444
0 0.287822265625 0.39367592592592593 0.00813720703125 0.011087962962962963
0 0.18777099609375 0.37246296296296294 0.00940673828125 0.013981481481481482
0 0.33537841796875 0.41117592592592594 0.0137939453125 0.013625
0 0.338251953125 0.30899537037037034 0.01092041015625 0.010898148148148148
0 0.38279541015625 0.4076342592592593 0.01609375 0.014171296296296296
1 0.39256591796875 0.31172222222222223 0.0057470703125 0.008717592592592591
1 0.4083740234375 0.24687037037037038 0.00517333984375 0.01199074074074074
1 0.39817138671875 0.24905092592592595 0.00718505859375 0.009810185185185186
0 0.3625341796875 0.2558611111111111 0.01063232421875 0.012532407407407407
0 0.4580908203125 0.2283425925925926 0.008046875 0.03923611111111111
0 0.5510595703125 0.21825925925925926 0.0077587890625 0.024523148148148148
1 0.4452392578125 0.726662037037037 0.00587158203125 0.01336111111111111
0 0.6732421875 0.6984537037037037 0.00782958984375 0.02523611111111111
0 0.49044921875 0.754125 0.0070458984375 0.028203703703703703
0 0.45737548828125 0.6542916666666666 0.004306640625 0.027462962962962963
1 0.49593017578125 0.6019629629629629 0.004697265625 0.016328703703703706
0 0.528515625 0.5593657407407407 0.0041796875 0.024967592592592593
0 0.43165283203125 0.5447037037037037 0.0060595703125 0.026550925925925926
1 0.449833984375 0.4583101851851852 0.0043896484375 0.012287037037037037
0 0.48567626953125 0.47158796296296296 0.0054345703125 0.027740740740740743
0 0.4340576171875 0.4022361111111111 0.00626953125 0.025361111111111112
0 0.54638427734375 0.31525000000000003 0.00773193359375 0.03526851851851852
1 0.51660400390625 0.38579166666666664 0.0054345703125 0.014662037037037038
0 0.56488037109375 0.7147129629629629 0.0041796875 0.022587962962962962
1 0.59330078125 0.6176203703703703 0.0041796875 0.01625
0 0.6300830078125 0.5280601851851852 0.0050146484375 0.02021296296296296
0 0.6831640625 0.4912037037037037 0.0041796875 0.02813888888888889
0 0.5908984375 0.39629166666666665 0.0043896484375 0.02853240740740741
1 0.6471142578125 0.41531481481481486 0.00480712890625 0.011888888888888888
0 0.65714599609375 0.33229166666666665 0.00480712890625 0.028930555555555557
1 0.6077197265625 0.2954351851851852 0.00459716796875 0.012287037037037037
0 0.63029052734375 0.2355972222222222 0.00585205078125 0.02813888888888889
1 0.70383056640625 0.2422083333333333 0.00568359375 0.011453703703703704
0 0.75090576171875 0.29846296296296293 0.01314697265625 0.010777777777777778
0 0.7910546875 0.36617592592592596 0.0088818359375 0.012800925925925926
0 0.88627197265625 0.32305555555555554 0.01314697265625 0.018189814814814815
0 0.78661376953125 0.24524074074074076 0.01279052734375 0.014824074074074076