1 0.24210693359375 0.2910787037037037 0.00564208984375 0.01149074074074074
1 0.210654296875 0.26591203703703703 0.00585205078125 0.009509259259259259
1 0.216611328125 0.3562685185185185 0.005224609375 0.007925925925925927
1 0.27439453125 0.2486759259259259 0.00376220703125 0.008324074074074074
1 0.32037109375 0.25996759259259256 0.00459716796875 0.006342592592592592
0 0.28055908203125 0.3108935185185185 0.0185986328125 0.018625
0 0.33868896484375 0.20389814814814816 0.0081201171875 0.006532407407407407
0 0.36796875 0.26315277777777774 0.0081201171875 0.01026388888888889
0 0.39638671875 0.1623703703703704 0.00984130859375 0.011199074074074075
1 0.46060791015625 0.24705555555555556 0.006396484375 0.013532407407407408
1 0.55632080078125 0.23469444444444446 0.00393798828125 0.012129629629629629
1 0.45384033203125 0.4012638888888889 0.00418212890625 0.013064814814814814
0 0.5427880859375 0.3287083333333333 0.006396484375 0.03125925925925926
0 0.4816455078125 0.6317546296296296 0.00418212890625 0.013064814814814814
1 0.455439453125 0.5526712962962963 0.00541259765625 0.014462962962962962
1 0.5427880859375 0.5300416666666667 0.0044287109375 0.02146296296296296
1 0.4742626953125 0.48687962962962966 0.00467529296875 0.011666666666666667
1 0.510556640625 0.44418981481481484 0.00590576171875 0.01399537037037037
1 0.5573046875 0.44232407407407404 0.00344482421875 0.01773148148148148
0 0.5810498046875 0.29394907407407406 0.0056591796875 0.024263888888888887
1 0.5950732421875 0.38143518518518515 0.005166015625 0.009796296296296296
1 0.64047119140625 0.4350925925925926 0.00590576171875 0.011666666666666667
1 0.67700927734375 0.5300416666666667 0.00369140625 0.01959722222222222
1 0.57440673828125 0.48501388888888897 0.0031982421875 0.011666666666666667
1 0.7305224609375 0.26793518518518517 0.005029296875 0.008939814814814814
1 0.7888330078125 0.2643611111111111 0.0066015625 0.008939814814814814
0 0.710048828125 0.19167592592592592 0.01456787109375 0.011453703703703704
0 0.7327880859375 0.14316666666666666 0.01243408203125 0.014148148148148148
1 0.84310546875 0.24692592592592594 0.0042626953125 0.0060648148148148145
0 0.86992919921875 0.2509675925925926 0.00817138671875 0.016842592592592593