0 0.18851806640625 0.2930787037037037 0.006875 0.00938888888888889
0 0.2437939453125 0.29777314814814815 0.0145751953125 0.01564351851851852
0 0.2917822265625 0.28291203703703705 0.00989990234375 0.014078703703703704
0 0.338671875 0.2873425925925926 0.0112744140625 0.010430555555555556
0 0.33564453125 0.18538888888888888 0.0112744140625 0.013037037037037038
0 0.39848388671875 0.11707407407407407 0.01594970703125 0.015125000000000001
0 0.38569580078125 0.2662222222222222 0.0145751953125 0.014078703703703704
0 0.39133544921875 0.17887037037037037 0.0077001953125 0.012513888888888889
0 0.4552734375 0.09725925925925927 0.01017578125 0.04015277777777778
0 0.484560546875 0.6216203703703704 0.0060498046875 0.022944444444444444
1 0.439873046875 0.5929398148148148 0.00467529296875 0.016689814814814814
0 0.55936279296875 0.5843333333333334 0.004951171875 0.022425925925925926
0 0.4525244140625 0.5209722222222222 0.005224609375 0.02399074074074074
1 0.49061279296875 0.46751851851851856 0.0043994140625 0.018250000000000002
0 0.5227880859375 0.4260601851851852 0.00659912109375 0.03233333333333333
1 0.58851318359375 0.4860324074074074 0.00385009765625 0.016689814814814814
0 0.42680908203125 0.40806944444444443 0.00550048828125 0.023467592592592592
0 0.481123046875 0.3342777777777778 0.00577392578125 0.027115740740740742
1 0.44784912109375 0.3209814814814815 0.00357421875 0.016166666666666666
1 0.5127490234375 0.25109722222222225 0.006875 0.010949074074074073
0 0.54203857421875 0.18643518518518518 0.00824951171875 0.031810185185185184
0 0.5861767578125 0.25996296296296295 0.00467529296875 0.02450925925925926
0 0.62990234375 0.11081944444444444 0.00742431640625 0.03389814814814815
1 0.60446533203125 0.17052777777777778 0.0043994140625 0.012513888888888889
0 0.65162841796875 0.20677314814814815 0.00632568359375 0.023467592592592592
1 0.64227783203125 0.2823888888888889 0.00467529296875 0.010949074074074073
0 0.667578125 0.565037037037037 0.005224609375 0.020337962962962964
0 0.6253662109375 0.3965972222222222 0.00659912109375 0.02137962962962963
0 0.67802978515625 0.36191666666666666 0.00797607421875 0.027115740740740742
1 0.70511962890625 0.12658333333333335 0.0077294921875 0.0066620370370370375
0 0.7449951171875 0.1972037037037037 0.01159423828125 0.013324074074074075
0 0.78645263671875 0.16122685185185184 0.015107421875 0.01599074074074074
0 0.78697998046875 0.2838148148148148 0.00983642578125 0.013324074074074075
0 0.88183837890625 0.27081944444444445 0.01264892578125 0.008662037037037038
0 0.82989990234375 0.2695046296296296 0.01197021484375 0.008078703703703703