1 0.20654296875 0.42242129629629627 0.00878173828125 0.011555555555555557
0 0.2012548828125 0.3772222222222222 0.0053759765625 0.008837962962962962
0 0.20923095703125 0.32760648148148147 0.0084228515625 0.013592592592592592
0 0.24139892578125 0.34119907407407407 0.0114697265625 0.01223611111111111
0 0.23127197265625 0.37348148148148147 0.0120068359375 0.016310185185185185
0 0.28503662109375 0.35156481481481483 0.0421142578125 0.04248148148148148
0 0.27437255859375 0.2864861111111111 0.00931884765625 0.013592592592592592
0 0.31308349609375 0.27493055555555557 0.00860107421875 0.016310185185185185
1 0.38960693359375 0.30857407407407406 0.00716796875 0.010875
1 0.34113037109375 0.27764814814814814 0.0084228515625 0.010875
0 0.36917724609375 0.263037037037037 0.0150537109375 0.012912037037037038
0 0.3297509765625 0.21970833333333334 0.015771484375 0.01937037037037037
0 0.3660400390625 0.2186851851851852 0.00878173828125 0.015291666666666667
0 0.39390869140625 0.2227638888888889 0.00824462890625 0.011893518518518519
0 0.425986328125 0.19863425925925926 0.009677734375 0.012574074074074074
1 0.4970458984375 0.2693240740740741 0.00447998046875 0.01937037037037037
1 0.51792236328125 0.3581898148148148 0.00680908203125 0.017671296296296296
1 0.41388916015625 0.41511574074074076 0.00447998046875 0.016652777777777777
1 0.45923095703125 0.3814675925925926 0.00447998046875 0.013935185185185186
0 0.5008984375 0.4497777777777778 0.00680908203125 0.03840277777777778
1 0.46505615234375 0.47764351851851855 0.00394287109375 0.015291666666666667
0 0.42912353515625 0.5058518518518519 0.00519775390625 0.036361111111111115
0 0.5036767578125 0.5430648148148148 0.0048388671875 0.023787037037037037
1 0.449736328125 0.5685555555555555 0.00378173828125 0.01502314814814815
0 0.54968017578125 0.5815324074074074 0.004501953125 0.043027777777777776
1 0.52428955078125 0.6303657407407407 0.004501953125 0.01024537037037037
1 0.5969482421875 0.5545555555555555 0.006123046875 0.02185648148148148
0 0.57921142578125 0.5381666666666667 0.00558349609375 0.03687962962962963
1 0.5432861328125 0.489162037037037 0.00396240234375 0.016731481481481483
0 0.56849609375 0.410625 0.00576171875 0.02902314814814815
1 0.60523193359375 0.4365787037037037 0.00684326171875 0.018097222222222223
1 0.58515380859375 0.25883796296296296 0.00558349609375 0.016388888888888887
1 0.5616552734375 0.309375 0.00396240234375 0.016388888888888887
0 0.630263671875 0.20539814814814816 0.006123046875 0.010587962962962964
0 0.6474609375 0.6032175925925927 0.0059423828125 0.02902314814814815
0 0.64881103515625 0.5089675925925925 0.00396240234375 0.019462962962962963
0 0.62567138671875 0.5263842592592592 0.00558349609375 0.020828703703703703
0 0.614326171875 0.347962962962963 0.0059423828125 0.024587962962962964
0 0.6315234375 0.4628703703703704 0.0046826171875 0.03243981481481481
0 0.68752685546875 0.32849999999999996 0.0133251953125 0.01502314814814815
0 0.68383544921875 0.25525462962962964 0.0091845703125 0.015365740740740739
0 0.6808642578125 0.21666666666666667 0.00900390625 0.013319444444444445
0 0.72174072265625 0.26344907407407403 0.00900390625 0.016050925925925927
1 0.777294921875 0.3617916666666667 0.00558349609375 0.011268518518518518
0 0.7525341796875 0.3938935185185185 0.00576171875 0.011953703703703704
1 0.7406494140625 0.33498611111111115 0.0072021484375 0.012291666666666668
0 0.7679296875 0.2858148148148148 0.0178271484375 0.024587962962962964
0 0.80286376953125 0.4312824074074074 0.03223388671875 0.035513888888888887
1 0.85337646484375 0.43743055555555554 0.00504150390625 0.009560185185185184
1 0.83536865234375 0.3687916666666667 0.0075634765625 0.012291666666666668
1 0.828525390625 0.4174537037037037 0.00684326171875 0.009217592592592593