0 0.15458984375 0.49372222222222223 0.00864501953125 0.014462962962962962
0 0.17086181640625 0.40066666666666667 0.01525634765625 0.016393518518518516
0 0.1973046875 0.48817592592592596 0.01169677734375 0.014944444444444444
0 0.2711669921875 0.43465740740740744 0.01652587890625 0.011087962962962963
0 0.22349365234375 0.40066666666666667 0.00610107421875 0.00675
0 0.225146484375 0.4291157407407407 0.007373046875 0.016393518518518516
0 0.28718505859375 0.348837962962963 0.0144921875 0.013981481481481482
0 0.30409423828125 0.47347222222222224 0.007626953125 0.010606481481481482
0 0.38177001953125 0.37824537037037037 0.01296630859375 0.01301851851851852
0 0.40694091796875 0.3018240740740741 0.00839111328125 0.037606481481481484
0 0.40109375 0.37462962962962965 0.006865234375 0.028930555555555557
1 0.4255029296875 0.33509259259259255 0.00533935546875 0.011569444444444443
0 0.45639404296875 0.31219444444444444 0.007119140625 0.037125
0 0.44558837890625 0.39753240740740736 0.006865234375 0.030375
0 0.46669189453125 0.8476203703703703 0.00533935546875 0.027
0 0.54055419921875 0.8628101851851853 0.0040673828125 0.012055555555555555
0 0.4220703125 0.7745740740740741 0.007119140625 0.02748148148148148
0 0.49453369140625 0.7598703703703703 0.00610107421875 0.027
1 0.4391064453125 0.7319027777777778 0.00457763671875 0.018319444444444444
0 0.44215576171875 0.6270370370370371 0.00559326171875 0.023625
1 0.48067626953125 0.5959398148148148 0.0033056640625 0.014462962962962962
0 0.52555419921875 0.5995555555555555 0.00559326171875 0.024587962962962964
1 0.3970263671875 0.5544722222222223 0.00483154296875 0.014462962962962962
1 0.4468603515625 0.4563564814814815 0.00483154296875 0.013981481481481482
0 0.477880859375 0.44502314814814814 0.006357421875 0.023143518518518518
1 0.5030517578125 0.510837962962963 0.0038134765625 0.013981481481481482
1 0.54716552734375 0.46696296296296297 0.00508544921875 0.012055555555555555
0 0.5311474609375 0.38355092592592593 0.00508544921875 0.01976851851851852
0 0.53572509765625 0.31195370370370373 0.00457763671875 0.016393518518518516
0 0.5666162109375 0.7979583333333333 0.00584716796875 0.027
0 0.6468359375 0.7743333333333333 0.00559326171875 0.02603703703703704
0 0.60653564453125 0.6417407407407408 0.006357421875 0.02603703703703704
1 0.58530517578125 0.6231805555555555 0.0035595703125 0.015912037037037037
0 0.66984619140625 0.585574074074074 0.00584716796875 0.028449074074074075
0 0.63882568359375 0.5578472222222223 0.00533935546875 0.027962962962962964
0 0.58187255859375 0.5327777777777778 0.007373046875 0.027
0 0.61327392578125 0.5214444444444444 0.0030517578125 0.013981481481481482
0 0.61428955078125 0.4435787037037037 0.007626953125 0.02603703703703704
1 0.5659814453125 0.40669444444444447 0.0040673828125 0.01301851851851852
0 0.62039306640625 0.3529351851851852 0.006611328125 0.02507407407407407
0 0.6576416015625 0.39874074074074073 0.006357421875 0.035680555555555556
0 0.65509765625 0.29121759259259256 0.00584716796875 0.029893518518518514
1 0.591279296875 0.29941666666666666 0.00228759765625 0.010606481481481482
0 0.69857666015625 0.35944444444444446 0.013984375 0.012055555555555555
1 0.7289599609375 0.4211574074074074 0.007626953125 0.009162037037037036
0 0.76137939453125 0.3408796296296296 0.006865234375 0.012537037037037036
0 0.8016796875 0.44502314814814814 0.0106787109375 0.0135
0 0.8347314453125 0.37222222222222223 0.0101708984375 0.016393518518518516
1 0.84986083984375 0.4204351851851852 0.006865234375 0.019287037037037037
0 0.87159912109375 0.47154166666666664 0.01220458984375 0.016393518518518516