0 0.16281494140625 0.32336574074074076 0.0184619140625 0.015004629629629628
0 0.21515869140625 0.3570277777777778 0.01278076171875 0.010004629629629629
0 0.254619140625 0.2893148148148148 0.01704345703125 0.013851851851851853
0 0.2949951171875 0.35491203703703705 0.0113623046875 0.011925925925925927
0 0.36103271484375 0.3787638888888889 0.01724609375 0.01423611111111111
0 0.3594091796875 0.23853240740740742 0.01927490234375 0.01538888888888889
0 0.4054638671875 0.24622685185185186 0.00994140625 0.03924074074074074
0 0.4059716796875 0.3147083333333333 0.00933349609375 0.034625
0 0.44644775390625 0.3662638888888889 0.00831787109375 0.03693518518518519
0 0.3897412109375 0.5686296296296296 0.00689697265625 0.026162037037037036
0 0.43325927734375 0.641537037037037 0.00750732421875 0.03500925925925926
0 0.49960205078125 0.6111435185185184 0.009130859375 0.04501388888888889
0 0.41388427734375 0.7802314814814815 0.0077099609375 0.03924074074074074
0 0.46490966796875 0.7475277777777778 0.00831787109375 0.031546296296296295
1 0.42737548828125 0.7288703703703703 0.0058837890625 0.016541666666666666
1 0.5030517578125 0.7804212962962963 0.00466552734375 0.021162037037037038
0 0.54403564453125 0.7129027777777778 0.009130859375 0.04001388888888889
1 0.55529541015625 0.5849814814814814 0.0048681640625 0.01962037037037037
0 0.5347021484375 0.5432361111111111 0.0062890625 0.031546296296296295
0 0.5988134765625 0.5305416666666667 0.00750732421875 0.034625
0 0.531962890625 0.3477962962962963 0.00933349609375 0.058476851851851856
0 0.5925244140625 0.3041296296296296 0.0095361328125 0.05578703703703704
0 0.6461376953125 0.24099537037037036 0.02102783203125 0.023083333333333334
0 0.680078125 0.27439814814814817 0.0092236328125 0.012939814814814814
0 0.65157958984375 0.3200462962962963 0.01678466796875 0.018189814814814815
0 0.6560986328125 0.37950925925925927 0.019921875 0.01749074074074074
0 0.7096826171875 0.3317638888888889 0.01789306640625 0.01574074074074074
0 0.764072265625 0.41663425925925923 0.0142333984375 0.01900925925925926
0 0.75434814453125 0.29384722222222226 0.00882080078125 0.014444444444444444
0 0.821103515625 0.41758333333333336 0.01443359375 0.017106481481481483