0 0.19908447265625 0.2613611111111111 0.0066748046875 0.010425925925925925
0 0.2290234375 0.21798611111111113 0.0178662109375 0.01824537037037037
0 0.2335400390625 0.2915185185185185 0.0178662109375 0.01637962962962963
1 0.19869140625 0.3103194444444444 0.00510498046875 0.008564814814814815
0 0.2299072265625 0.2533564814814815 0.01727783203125 0.011541666666666667
0 0.26505126953125 0.2058888888888889 0.0074609375 0.01637962962962963
1 0.3252294921875 0.19583333333333333 0.00765625 0.014148148148148148
0 0.320810546875 0.27569444444444446 0.01806396484375 0.014518518518518517
0 0.28262451171875 0.30194444444444446 0.00687255859375 0.010425925925925925
0 0.31177978515625 0.3332175925925926 0.0066748046875 0.008935185185185185
1 0.33779296875 0.24628240740740742 0.00608642578125 0.010796296296296297
1 0.35860595703125 0.29468055555555556 0.00765625 0.010050925925925927
0 0.3833447265625 0.2310185185185185 0.0198291015625 0.012287037037037037
0 0.36695068359375 0.18541203703703704 0.01177978515625 0.01563888888888889
1 0.44607177734375 0.22319907407407408 0.00785400390625 0.017499999999999998
0 0.40543212890625 0.2881666666666667 0.0066748046875 0.010425925925925925
1 0.48818603515625 0.2613611111111111 0.00608642578125 0.01637962962962963
1 0.521171875 0.22152314814814816 0.00687255859375 0.017125
1 0.44568115234375 0.40041666666666664 0.0066748046875 0.012287037037037037
0 0.50634765625 0.3479212962962963 0.0082470703125 0.026435185185185187
0 0.4838671875 0.46818055555555554 0.00687255859375 0.030157407407407407
0 0.5393310546875 0.4795324074074074 0.0066748046875 0.032763888888888884
0 0.459521484375 0.48400000000000004 0.00804931640625 0.027550925925925927
1 0.472578125 0.5668425925925926 0.005498046875 0.02047685185185185
1 0.44597412109375 0.6280833333333333 0.00608642578125 0.020847222222222222
1 0.48602783203125 0.6528425925925926 0.0045166015625 0.014518518518518517
1 0.53038818359375 0.6094120370370371 0.00731689453125 0.019819444444444445
1 0.5701025390625 0.6448379629629629 0.0041796875 0.015361111111111112
1 0.5808154296875 0.5576342592592592 0.00626953125 0.016351851851851854
1 0.60811767578125 0.617337962962963 0.00496337890625 0.017837962962962965
1 0.63986328125 0.6606898148148148 0.00626953125 0.01238425925925926
0 0.614912109375 0.43203703703703705 0.0081005859375 0.03368981481481481
1 0.6222265625 0.4654814814814815 0.00287353515625 0.017342592592592593
1 0.5627880859375 0.39785185185185185 0.0067919921875 0.019819444444444445
1 0.53862060546875 0.3190740740740741 0.00600830078125 0.015856481481481482
1 0.601455078125 0.3294768518518518 0.005224609375 0.019819444444444445
1 0.579248046875 0.2638287037037037 0.00731689453125 0.019324074074074073
1 0.612822265625 0.231625 0.00600830078125 0.013375
1 0.75064453125 0.2281574074074074 0.00836181640625 0.01437037037037037
1 0.7603125 0.2982638888888889 0.00783935546875 0.016847222222222222
0 0.72425537109375 0.33269907407407406 0.00940673828125 0.013375
0 0.75861328125 0.32799074074074075 0.0101904296875 0.016847222222222222
0 0.69238037109375 0.2165138888888889 0.01881103515625 0.020810185185185185
0 0.8832421875 0.35177314814814814 0.00600830078125 0.03963425925925926