0 0.2343017578125 0.4875231481481481 0.01439453125 0.019712962962962963
0 0.32786376953125 0.42686574074074074 0.011728515625 0.015671296296296298
0 0.342255859375 0.34270833333333334 0.017060546875 0.016175925925925923
0 0.4112939453125 0.3146527777777778 0.01865966796875 0.020722222222222222
0 0.40249755859375 0.25955555555555554 0.01439453125 0.017689814814814814
0 0.5104736328125 0.26997685185185183 0.0127490234375 0.05021296296296296
0 0.5447998046875 0.32949074074074075 0.006865234375 0.0402962962962963
0 0.51586669921875 0.19527314814814817 0.0071923828125 0.02851851851851852
0 0.55297119140625 0.20705555555555555 0.00882568359375 0.021078703703703704
0 0.49592529296875 0.40512037037037035 0.00915283203125 0.04525462962962963
0 0.59350830078125 0.4292962962962963 0.00751953125 0.03409722222222222
0 0.53368408203125 0.6369675925925925 0.00882568359375 0.0402962962962963
0 0.5871337890625 0.6741666666666667 0.0058837890625 0.027898148148148148
0 0.54153076171875 0.5250740740740741 0.008173828125 0.053314814814814815
1 0.48284912109375 0.5442916666666667 0.0058837890625 0.019837962962962963
1 0.57144287109375 0.5600972222222222 0.00915283203125 0.015499999999999998
0 0.7143017578125 0.3096527777777778 0.014384765625 0.022935185185185183
0 0.6732763671875 0.32949074074074075 0.01667236328125 0.01673611111111111
0 0.7008984375 0.40325925925925926 0.012421875 0.015499999999999998
0 0.64532470703125 0.49314814814814817 0.0078466796875 0.03657407407407407
0 0.64189208984375 0.6506064814814815 0.005556640625 0.03161574074074074
0 0.858798828125 0.5179444444444444 0.01634521484375 0.02913425925925926
0 0.75271484375 0.4134861111111111 0.0147119140625 0.022319444444444444