0 0.19003173828125 0.425125 0.012373046875 0.012226851851851852
0 0.2692333984375 0.3309490740740741 0.0128955078125 0.014870370370370369
0 0.30922607421875 0.3652407407407407 0.0158740234375 0.014601851851851852
0 0.49861083984375 0.26331481481481483 0.00864501953125 0.03308333333333333
0 0.54041748046875 0.255712962962963 0.0092724609375 0.056032407407407406
0 0.517158203125 0.29684259259259255 0.00613037109375 0.027421296296296294
0 0.42050048828125 0.4817731481481482 0.008330078125 0.029504629629629627
0 0.510556640625 0.5206666666666667 0.00707275390625 0.044111111111111115
0 0.4597119140625 0.5048703703703704 0.00628662109375 0.033976851851851855
1 0.4262353515625 0.5701388888888889 0.00377197265625 0.01788425925925926
1 0.473935546875 0.6312361111111111 0.00455810546875 0.016689814814814814
0 0.42309326171875 0.6740046296296296 0.00785888671875 0.045004629629629624
0 0.4677685546875 0.7363148148148149 0.0102490234375 0.048782407407407406
0 0.60371826171875 0.75575 0.00941162109375 0.03609259259259259
1 0.53061767578125 0.7656620370370371 0.0062744140625 0.014675925925925926
1 0.56721923828125 0.6675 0.00501953125 0.015069444444444443
0 0.60173095703125 0.6157453703703704 0.00794677734375 0.03530092592592592
0 0.6234814453125 0.5746944444444444 0.007529296875 0.02538425925925926
0 0.5477685546875 0.533050925925926 0.00794677734375 0.03411111111111111
0 0.6259912109375 0.4894212962962963 0.00711181640625 0.03172685185185185
0 0.5740185546875 0.3047962962962963 0.011083984375 0.04957870370370371
0 0.603798828125 0.23744444444444443 0.00600830078125 0.040379629629629626
0 0.65742431640625 0.25230555555555556 0.015546875 0.015606481481481482
0 0.64011474609375 0.30593981481481486 0.0143701171875 0.011393518518518518
0 0.75598876953125 0.3325694444444445 0.008623046875 0.01412037037037037
0 0.7834228515625 0.4015601851851852 0.023515625 0.02180092592592593