1 0.17635986328125 0.35688425925925926 0.00979736328125 0.017032407407407406
0 0.2052099609375 0.3279814814814815 0.01524169921875 0.019097222222222224
0 0.248212890625 0.3473333333333333 0.018505859375 0.021675925925925925
0 0.19309814453125 0.42139351851851853 0.0133349609375 0.018064814814814815
0 0.24140869140625 0.4033333333333334 0.00979736328125 0.009805555555555555
1 0.35177001953125 0.30707870370370366 0.0095263671875 0.01238425925925926
0 0.36415283203125 0.36694907407407407 0.02013916015625 0.01651388888888889
0 0.30141845703125 0.2732731481481481 0.0176904296875 0.017032407407407406
0 0.4449462890625 0.21737499999999998 0.0086328125 0.04560185185185185
0 0.44116943359375 0.3255972222222222 0.0081494140625 0.03521296296296297
0 0.460634765625 0.40255555555555556 0.014423828125 0.01651388888888889
1 0.40375244140625 0.5166157407407408 0.00680419921875 0.01961111111111111
0 0.51234619140625 0.7953101851851851 0.01007080078125 0.047481481481481486
0 0.43790771484375 0.764087962962963 0.00761962890625 0.02425462962962963
0 0.46308349609375 0.6407361111111111 0.00898193359375 0.041805555555555554
0 0.40865234375 0.7220231481481482 0.00571533203125 0.023740740740740743
0 0.61222900390625 0.6172546296296296 0.010615234375 0.03715740740740741
1 0.59757080078125 0.7609027777777777 0.00594970703125 0.021435185185185186
0 0.5705029296875 0.6599351851851852 0.00892333984375 0.04963425925925925
0 0.63058837890625 0.6678333333333333 0.01249267578125 0.018050925925925925
1 0.5133935546875 0.5223101851851852 0.00594970703125 0.027074074074074073
0 0.557119140625 0.5073611111111112 0.0107080078125 0.036662037037037035
0 0.5828466796875 0.5082083333333334 0.0080322265625 0.03835648148148148
0 0.54566650390625 0.5522037037037038 0.00981689453125 0.020305555555555556
0 0.54105712890625 0.41683333333333333 0.00892333984375 0.04850925925925926
1 0.6081298828125 0.39088425925925924 0.00862548828125 0.015791666666666666
0 0.38007080078125 0.2593796296296296 0.01567626953125 0.019819444444444445
0 0.71140625 0.304537037037037 0.017470703125 0.01711111111111111
0 0.7088134765625 0.3758935185185185 0.01343994140625 0.016384259259259258
0 0.74116455078125 0.40174537037037034 0.00633544921875 0.013472222222222222
0 0.78244140625 0.36497222222222225 0.01823974609375 0.02148148148148148
0 0.84224365234375 0.40465740740740735 0.0188134765625 0.020023148148148148