0 0.23119873046875 0.45446759259259256 0.0129296875 0.019166666666666665
0 0.18712158203125 0.36174537037037036 0.0150439453125 0.02540740740740741
0 0.2748046875 0.3347777777777778 0.0183349609375 0.01961574074074074
0 0.31970458984375 0.3316574074074074 0.015986328125 0.017828703703703704
0 0.38176513671875 0.24562037037037035 0.02350830078125 0.012481481481481482
0 0.343095703125 0.2540925925925926 0.0049365234375 0.013375
0 0.4006884765625 0.3686574074074074 0.00399658203125 0.03922685185185185
0 0.474267578125 0.24249999999999997 0.00869873046875 0.029421296296296296
0 0.50600341796875 0.22333333333333333 0.00916748046875 0.029421296296296296
0 0.39351806640625 0.7591574074074074 0.00893310546875 0.03209722222222222
0 0.4528759765625 0.7366435185185186 0.00587646484375 0.014708333333333334
0 0.36520263671875 0.48521759259259256 0.00747314453125 0.03411574074074074
0 0.42304931640625 0.6135416666666667 0.00747314453125 0.03568981481481481
0 0.53777099609375 0.7342592592592593 0.00553466796875 0.03674074074074074
0 0.4864306640625 0.5445277777777778 0.00802734375 0.03726388888888889
0 0.53638671875 0.5636851851851852 0.00664306640625 0.04408796296296297
0 0.391220703125 0.41908796296296297 0.01356201171875 0.017319444444444443
0 0.44906494140625 0.43063425925925924 0.0069189453125 0.03411574074074074
0 0.506357421875 0.3655555555555556 0.00802734375 0.04986111111111111
0 0.47826416015625 0.3849722222222222 0.0060888671875 0.02361574074074074
0 0.47093017578125 0.3080833333333334 0.00802734375 0.04198611111111111
0 0.54123046875 0.2886666666666667 0.01245361328125 0.04618518518518519
0 0.57361328125 0.25559722222222225 0.02407958984375 0.02414351851851852
0 0.58468505859375 0.6683888888888889 0.01079345703125 0.03201388888888889
0 0.60862548828125 0.46002777777777776 0.0060888671875 0.04986111111111111
0 0.562265625 0.4135787037037037 0.00802734375 0.04198611111111111
0 0.63864990234375 0.31069444444444444 0.01462890625 0.018231481481481484
0 0.8010693359375 0.4726666666666667 0.01369384765625 0.020351851851851854
0 0.7213134765625 0.34914814814814815 0.017763671875 0.02175462962962963
0 0.7431494140625 0.43898148148148153 0.0162841796875 0.020351851851851854
0 0.6741259765625 0.3982777777777778 0.00777099609375 0.011930555555555555
0 0.78182373046875 0.3638888888888889 0.00999267578125 0.018949074074074073