0 0.2705029296875 0.3053888888888889 0.00618408203125 0.012824074074074075
0 0.30499267578125 0.3198611111111111 0.02415283203125 0.026379629629629628
0 0.3019970703125 0.21470833333333333 0.00734130859375 0.008791666666666666
0 0.3757080078125 0.2475 0.00792236328125 0.007694444444444445
0 0.472509765625 0.20774537037037039 0.00560302734375 0.028578703703703703
1 0.49289306640625 0.2480509259259259 0.00463623046875 0.013189814814814814
1 0.52748046875 0.18850925925925927 0.00463623046875 0.013555555555555557
0 0.53453125 0.3559537037037037 0.004443359375 0.01648611111111111
0 0.48400634765625 0.3773888888888889 0.0057958984375 0.02271759259259259
0 0.44458984375 0.4803425925925926 0.00734130859375 0.03370833333333333
0 0.4620751953125 0.5593009259259258 0.00560302734375 0.018685185185185187
0 0.5062255859375 0.6083981481481482 0.0077294921875 0.053125
0 0.54931396484375 0.30557407407407405 0.0057958984375 0.03590740740740741
1 0.62572998046875 0.1949212962962963 0.00598876953125 0.013189814814814814
1 0.60061279296875 0.34019907407407407 0.00521728515625 0.013555555555555557
1 0.5774267578125 0.4656898148148148 0.0040576171875 0.014657407407407407
0 0.636357421875 0.4794259259259259 0.00521728515625 0.036273148148148145
0 0.6088232421875 0.5320046296296297 0.00656982421875 0.04030555555555556
0 0.68697998046875 0.21360648148148148 0.01796875 0.014657407407407407
1 0.77865966796875 0.23650925925925925 0.00618408203125 0.010624999999999999
0 0.782138671875 0.3202268518518519 0.00927490234375 0.01025925925925926
0 0.8145947265625 0.2984212962962963 0.0149072265625 0.014569444444444444
0 0.84133544921875 0.2848703703703704 0.00660888671875 0.007287037037037037
0 0.88406005859375 0.3182407407407407 0.0044580078125 0.00874074074074074
0 0.855244140625 0.3363055555555555 0.0070703125 0.02564351851851852
0 0.50328857421875 0.4504722222222222 0.0141455078125 0.02696759259259259
0 0.55766845703125 0.4113935185185185 0.01120849609375 0.021736111111111112
0 0.50813720703125 0.30251388888888886 0.01041748046875 0.026194444444444444