0 0.2335693359375 0.3678703703703704 0.016904296875 0.013953703703703704
0 0.29163818359375 0.37993518518518515 0.01650634765625 0.015462962962962963
0 0.31492919921875 0.2996157407407407 0.0118798828125 0.010314814814814815
0 0.35249755859375 0.32105555555555554 0.0180322265625 0.014657407407407407
0 0.344697265625 0.40573148148148147 0.02132568359375 0.013027777777777779
0 0.39790283203125 0.3450509259259259 0.02374267578125 0.016495370370370372
0 0.44910400390625 0.2785509259259259 0.0090625 0.031962962962962964
0 0.46532470703125 0.5096712962962964 0.00779296875 0.02749537037037037
0 0.45272705078125 0.6986944444444445 0.00688720703125 0.02199537037037037
0 0.466865234375 0.7026481481481481 0.00688720703125 0.028523148148148148
0 0.51185302734375 0.26228703703703704 0.01012451171875 0.03360185185185185
0 0.5393359375 0.3888009259259259 0.00795654296875 0.030856481481481485
0 0.60659423828125 0.3515972222222222 0.00904052734375 0.036000000000000004
0 0.579384765625 0.44674074074074077 0.00849853515625 0.02674074074074074
0 0.51058837890625 0.504 0.00831787109375 0.028800925925925928
0 0.553076171875 0.6003425925925926 0.0075927734375 0.03702777777777778
0 0.51302978515625 0.7794861111111111 0.007412109375 0.03668518518518518
0 0.5880615234375 0.7299398148148148 0.00849853515625 0.032226851851851854
0 0.638994140625 0.6440694444444445 0.00713623046875 0.03482870370370371
0 0.634560546875 0.29080092592592593 0.00999755859375 0.03675
0 0.7081787109375 0.35285648148148147 0.018291015625 0.01888888888888889
0 0.73489013671875 0.3197175925925926 0.01702392578125 0.015111111111111112
0 0.83503662109375 0.37071296296296297 0.02136962890625 0.01888888888888889
0 0.8788623046875 0.34444444444444444 0.01991943359375 0.02197685185185185
0 0.80500244140625 0.31251388888888887 0.00975341796875 0.014342592592592593