1 0.22454833984375 0.37466203703703704 0.00607421875 0.00948611111111111
0 0.2347314453125 0.3290972222222222 0.0082177734375 0.011856481481481482
0 0.2786767578125 0.32469444444444445 0.00928955078125 0.0077916666666666655
0 0.32244384765625 0.30995833333333334 0.0100048828125 0.010837962962962962
1 0.37550048828125 0.3821111111111111 0.00500244140625 0.010837962962962962
1 0.306455078125 0.43597685185185187 0.005537109375 0.010162037037037037
1 0.46875 0.2914953703703704 0.00535888671875 0.014564814814814815
0 0.52814697265625 0.3353657407407407 0.00625244140625 0.03523148148148148
1 0.48670166015625 0.37178240740740737 0.0051806640625 0.017277777777777777
0 0.46071044921875 0.41276851851851853 0.02786865234375 0.015921296296296298
0 0.50974609375 0.39515277777777774 0.00660888671875 0.019310185185185187
1 0.48947021484375 0.4693425925925926 0.00500244140625 0.013888888888888888
1 0.53064697265625 0.523712962962963 0.00375244140625 0.010837962962962962
1 0.4459716796875 0.5492870370370371 0.00410888671875 0.014564814814814815
1 0.49259765625 0.6039953703703704 0.00410888671875 0.013550925925925926
1 0.44883056640625 0.7274722222222222 0.0051806640625 0.011856481481481482
1 0.55369140625 0.6473564814814815 0.0033935546875 0.010162037037037037
0 0.5878125 0.5924768518518518 0.00446533203125 0.01490740740740741
1 0.585400390625 0.4774722222222222 0.00357177734375 0.01659722222222222
0 0.60960693359375 0.45037037037037037 0.00482421875 0.028791666666666667
1 0.54949462890625 0.41717592592592595 0.004287109375 0.014564814814814815
1 0.5997802734375 0.33672222222222226 0.00375244140625 0.01897222222222222
0 0.6431005859375 0.6331296296296296 0.00321533203125 0.016259259259259258
1 0.6369384765625 0.5276064814814815 0.0033935546875 0.013212962962962963
0 0.65435546875 0.4200509259259259 0.00321533203125 0.013550925925925926
1 0.690439453125 0.2974259259259259 0.00500244140625 0.00948611111111111
0 0.72884765625 0.37669444444444444 0.00357177734375 0.008129629629629629
0 0.7670751953125 0.3185972222222222 0.0142919921875 0.015921296296296298
1 0.80316162109375 0.3274027777777778 0.00500244140625 0.009824074074074074
0 0.72759765625 0.24305555555555555 0.0064306640625 0.008467592592592593
1 0.84227783203125 0.4257685185185185 0.00424072265625 0.007657407407407407