0 0.32575927734375 0.32083796296296296 0.0173486328125 0.016939814814814817
0 0.3583935546875 0.24755092592592595 0.01803466796875 0.014981481481481481
1 0.38003662109375 0.2835416666666667 0.010478515625 0.01075
0 0.30111083984375 0.2864722222222222 0.01030517578125 0.013356481481481481
0 0.2964404296875 0.41185648148148146 0.01642578125 0.01490740740740741
1 0.24260009765625 0.38802777777777775 0.00701904296875 0.011449074074074075
0 0.19011474609375 0.4044583333333333 0.01587890625 0.016277777777777776
1 0.17144775390625 0.401712962962963 0.00944091796875 0.012412037037037036
1 0.50439697265625 0.4007314814814815 0.0072900390625 0.02205092592592593
0 0.3949609375 0.5582268518518518 0.00815673828125 0.019749999999999997
0 0.48408935546875 0.5692499999999999 0.00971923828125 0.020078703703703703
1 0.451806640625 0.6077592592592592 0.00624755859375 0.01875925925925926
1 0.49033935546875 0.6808287037037036 0.0072900390625 0.01875925925925926
0 0.3945263671875 0.6536759259259259 0.006943359375 0.016458333333333332
0 0.3965234375 0.6967916666666666 0.00711669921875 0.015800925925925927
1 0.42281982421875 0.7427083333333333 0.00590087890625 0.016129629629629633
0 0.50682861328125 0.7698657407407408 0.00867919921875 0.05002777777777778
0 0.53451171875 0.7252638888888888 0.01024169921875 0.01875925925925926
0 0.54969970703125 0.6006851851851852 0.006943359375 0.04278703703703704
0 0.54050048828125 0.6650324074074074 0.0079833984375 0.016787037037037038
0 0.5586376953125 0.6421574074074073 0.0057275390625 0.0362037037037037
1 0.508388671875 0.2636435185185185 0.00833251953125 0.01250925925925926
0 0.50691650390625 0.3107083333333333 0.008505859375 0.016453703703703703
0 0.55845947265625 0.4024351851851852 0.01178955078125 0.05663888888888889
1 0.5943212890625 0.622662037037037 0.00609130859375 0.021611111111111112
0 0.57083984375 0.767986111111111 0.0070751953125 0.02086574074074074
0 0.64924560546875 0.3653611111111111 0.01611328125 0.015277777777777777
0 0.75003173828125 0.36375 0.00929443359375 0.014041666666666666
0 0.75326171875 0.43022685185185183 0.01638671875 0.02210648148148148
0 0.7881591796875 0.3816759259259259 0.01496826171875 0.018824074074074073
1 0.79966064453125 0.44725462962962964 0.00866455078125 0.017925925925925925
0 0.84123291015625 0.38707870370370373 0.01826171875 0.02323148148148148
0 0.8452197265625 0.44395833333333334 0.01468017578125 0.02388888888888889
0 0.86226806640625 0.4031898148148148 0.00855224609375 0.01074074074074074
0 0.7984228515625 0.35778703703703707 0.00941162109375 0.018490740740740738