1 0.197529296875 0.4227777777777778 0.00562744140625 0.011814814814814814
1 0.21782470703125 0.36466666666666664 0.00763671875 0.010671296296296297
0 0.17150634765625 0.3945787037037037 0.00823974609375 0.013337962962962963
0 0.24465087890625 0.38047685185185187 0.0106494140625 0.014861111111111111
0 0.26283447265625 0.4008657407407407 0.0208984375 0.01676851851851852
0 0.22777099609375 0.432875 0.00984619140625 0.025912037037037036
0 0.30875244140625 0.3444675925925926 0.00864013671875 0.012953703703703703
1 0.33366943359375 0.39819907407407407 0.0054248046875 0.010671296296296297
1 0.3040283203125 0.41287037037037033 0.0064306640625 0.011814814814814814
0 0.342509765625 0.3461851851851852 0.01386474609375 0.014861111111111111
0 0.381494140625 0.26387962962962963 0.0102490234375 0.012574074074074074
0 0.3691357421875 0.33875462962962966 0.02531982421875 0.01600462962962963
0 0.35968994140625 0.3549490740740741 0.01085205078125 0.011050925925925926
0 0.50939453125 0.2930277777777778 0.01527099609375 0.011430555555555557
1 0.46619140625 0.4136296296296297 0.00723388671875 0.017907407407407407
0 0.429921875 0.5405185185185185 0.00864013671875 0.050680555555555555
1 0.46850341796875 0.4991759259259259 0.00743408203125 0.011430555555555557
0 0.46890380859375 0.5178472222222222 0.00743408203125 0.02514814814814815
0 0.5141162109375 0.5344212962962962 0.00743408203125 0.05449074074074074
0 0.479755859375 0.6807453703703704 0.00864013671875 0.03848611111111111
0 0.4907080078125 0.39895833333333336 0.03576904296875 0.011430555555555557
1 0.52446533203125 0.4052453703703704 0.00562744140625 0.017907407407407407
0 0.5516943359375 0.25949537037037035 0.0130615234375 0.012953703703703703
1 0.5398388671875 0.2795 0.0078369140625 0.008763888888888889
0 0.52958984375 0.3097962962962963 0.0130615234375 0.011430555555555557
0 0.5934912109375 0.41877314814814814 0.00703369140625 0.033532407407407414
1 0.546669921875 0.5142268518518519 0.0050244140625 0.019435185185185184
0 0.5984130859375 0.5266111111111111 0.0068310546875 0.03886574074074074
1 0.52918701171875 0.5818657407407407 0.0054248046875 0.010671296296296297
1 0.5364208984375 0.6649351851851851 0.0050244140625 0.01676851851851852
1 0.5718896484375 0.6077777777777778 0.0064306640625 0.01676851851851852
1 0.6328759765625 0.5026064814814816 0.00703369140625 0.014481481481481482
1 0.6454345703125 0.7358101851851852 0.005224609375 0.017527777777777778
1 0.67326416015625 0.3707638888888889 0.00743408203125 0.012953703703703703
1 0.66452392578125 0.2909305555555555 0.005224609375 0.008763888888888889
1 0.702099609375 0.30407870370370366 0.00843994140625 0.009143518518518518
1 0.72259765625 0.3534259259259259 0.008037109375 0.010287037037037037
1 0.7256103515625 0.39724537037037033 0.00723388671875 0.014097222222222221
0 0.7569580078125 0.3315138888888889 0.00482177734375 0.012194444444444444
0 0.81151611328125 0.3800972222222222 0.01667724609375 0.01714814814814815
0 0.82638427734375 0.33761111111111114 0.00823974609375 0.012194444444444444
0 0.8339208984375 0.3778101851851852 0.00723388671875 0.014861111111111111
0 0.86607177734375 0.38257407407407407 0.00562744140625 0.013717592592592592