0 0.15177001953125 0.419162037037037 0.00908935546875 0.010967592592592593
0 0.210439453125 0.3816851851851852 0.01046630859375 0.01175
0 0.17931396484375 0.3615787037037037 0.0088134765625 0.008097222222222221
0 0.22403564453125 0.33389814814814817 0.009736328125 0.011000000000000001
0 0.257451171875 0.3829166666666667 0.012890625 0.012921296296296297
0 0.3054248046875 0.3584722222222222 0.0090234375 0.012222222222222221
0 0.32338134765625 0.23694444444444446 0.016943359375 0.011523148148148149
0 0.36005859375 0.34825925925925927 0.0183544921875 0.01502314814814815
0 0.4342529296875 0.19602314814814817 0.00908203125 0.03517592592592593
0 0.42178955078125 0.33012037037037034 0.00734130859375 0.028578703703703703
1 0.4656494140625 0.29677777777777775 0.0077294921875 0.021249999999999998
0 0.39541748046875 0.44681944444444444 0.01062744140625 0.03700462962962963
0 0.46410400390625 0.40523148148148147 0.00734130859375 0.03883796296296296
1 0.40662353515625 0.6849768518518519 0.00483154296875 0.0245462962962963
1 0.43802001953125 0.6248842592592593 0.00541015625 0.02088425925925926
0 0.4883154296875 0.7566157407407407 0.0069873046875 0.03727314814814815
0 0.520419921875 0.6595 0.007861328125 0.03519907407407408
1 0.55907470703125 0.6046296296296296 0.00611572265625 0.020708333333333332
0 0.59205078125 0.6918009259259259 0.0069873046875 0.039342592592592596
1 0.501748046875 0.4946759259259259 0.00677001953125 0.019462962962962963
0 0.55405029296875 0.5288425925925926 0.00742431640625 0.02899074074074074
0 0.5998046875 0.4886712962962963 0.00589599609375 0.029819444444444444
0 0.48875244140625 0.24330092592592592 0.00742431640625 0.028574074074074075
1 0.52205810546875 0.3072824074074074 0.00502197265625 0.026504629629629628
0 0.56508056640625 0.2571759259259259 0.00764404296875 0.028162037037037038
1 0.5616943359375 0.36256944444444444 0.007861328125 0.031060185185185187
1 0.57578125 0.36070833333333335 0.00589599609375 0.02899074074074074
0 0.67263671875 0.341037037037037 0.01135498046875 0.01449537037037037
0 0.71096435546875 0.34911111111111115 0.0141943359375 0.018222222222222223
0 0.6398779296875 0.21203240740740742 0.01921875 0.020708333333333332
0 0.689560546875 0.25427314814814816 0.02118408203125 0.01739351851851852
1 0.7012451171875 0.28450462962962964 0.0087353515625 0.014078703703703704
0 0.74983642578125 0.25613888888888886 0.0176904296875 0.01863425925925926
0 0.8125146484375 0.3555277777777778 0.01201171875 0.016981481481481483
0 0.4668896484375 0.5076388888888889 0.0095849609375 0.021328703703703704
0 0.487861328125 0.5770370370370371 0.00989013671875 0.02451851851851852
0 0.53761474609375 0.43950462962962966 0.009375 0.023240740740740742
0 0.58345947265625 0.543050925925926 0.01144775390625 0.026069444444444447
0 0.34369873046875 0.3010925925925926 0.0117138671875 0.009282407407407408
0 0.4279296875 0.46873148148148147 0.047939453125 0.010763888888888889
0 0.56869384765625 0.7265092592592592 0.01066650390625 0.019314814814814816
0 0.58984375 0.27702777777777776 0.00978271484375 0.026703703703703705
0 0.5013330078125 0.32969444444444446 0.01035400390625 0.017944444444444443