0 0.38287109375 0.289462962962963 0.01587646484375 0.017958333333333333
0 0.3614208984375 0.21525 0.01364990234375 0.015319444444444446
0 0.4321728515625 0.2944814814814815 0.0103076171875 0.033277777777777774
0 0.45195068359375 0.497050925925926 0.00863525390625 0.03803240740740741
0 0.5289697265625 0.5192361111111111 0.0072412109375 0.032749999999999994
1 0.47548828125 0.3681666666666667 0.0072412109375 0.01584722222222222
0 0.5065478515625 0.3784675925925926 0.006962890625 0.035388888888888886
0 0.472841796875 0.2506388888888889 0.00919189453125 0.026939814814814812
0 0.5103076171875 0.21788888888888888 0.00835693359375 0.02482407407407407
0 0.5544580078125 0.2720324074074074 0.00863525390625 0.03697685185185185
0 0.594326171875 0.5587268518518518 0.00974365234375 0.032004629629629626
1 0.62285888671875 0.5039583333333333 0.00487060546875 0.02210648148148148
0 0.563681640625 0.3932777777777778 0.0092822265625 0.03263425925925926
1 0.5973291015625 0.3201203703703704 0.00618896484375 0.014666666666666666
0 0.58727294921875 0.20039814814814816 0.00696044921875 0.03410185185185185
0 0.68086669921875 0.25283333333333335 0.01779052734375 0.0165
0 0.7544140625 0.2924953703703704 0.0101513671875 0.015097222222222222