0 0.14158447265625 0.3402175925925926 0.00982177734375 0.010699074074074074
0 0.16687255859375 0.34596296296296297 0.0085693359375 0.011888888888888888
0 0.191533203125 0.25362500000000004 0.0102392578125 0.011097222222222222
0 0.2433447265625 0.3256759259259259 0.00984130859375 0.009333333333333334
1 0.26954833984375 0.23352777777777778 0.00713623046875 0.012597222222222223
0 0.32786376953125 0.21882870370370372 0.00910400390625 0.01399537037037037
0 0.30547119140625 0.16983796296296297 0.01107177734375 0.01399537037037037
0 0.36009521484375 0.22629166666666667 0.00861083984375 0.035458333333333335
1 0.35763427734375 0.2552222222222222 0.0056591796875 0.013064814814814814
1 0.4427685546875 0.29791666666666666 0.0031982421875 0.013532407407407408
0 0.47044921875 0.22396296296296295 0.0068896484375 0.03359259259259259
0 0.40586181640625 0.27015277777777774 0.00664306640625 0.035458333333333335
0 0.3693212890625 0.33827314814814813 0.0068896484375 0.037328703703703704
0 0.392451171875 0.4362592592592593 0.0068896484375 0.04759259259259259
0 0.33979736328125 0.4857175925925926 0.00836669921875 0.041990740740740745
0 0.345947265625 0.6490185185185186 0.00590576171875 0.041060185185185186
0 0.420009765625 0.7033796296296296 0.0068896484375 0.03219444444444445
1 0.47143310546875 0.7460694444444445 0.0044287109375 0.01866203703703704
0 0.45630126953125 0.6014305555555555 0.00713623046875 0.03825925925925926
1 0.387529296875 0.5631666666666667 0.0044287109375 0.013064814814814814
1 0.48656494140625 0.4523564814814815 0.00467529296875 0.015398148148148147
0 0.519658203125 0.25825462962962964 0.00984130859375 0.05552314814814815
1 0.56431640625 0.2260601851851852 0.00418212890625 0.009796296296296296
0 0.60085693359375 0.24052314814814812 0.008857421875 0.04245833333333333
1 0.54992431640625 0.3324398148148148 0.00344482421875 0.015398148148148147
0 0.5856005859375 0.39846296296296296 0.00787353515625 0.03172685185185185
0 0.53122314453125 0.45678703703703705 0.00590576171875 0.04759259259259259
0 0.57698974609375 0.5386712962962963 0.0068896484375 0.03406018518518518
0 0.5443359375 0.6957453703703703 0.006953125 0.040101851851851854
1 0.6001025390625 0.640537037037037 0.00492431640625 0.017578703703703704
0 0.6441357421875 0.2782453703703704 0.0159326171875 0.014833333333333334
0 0.68947265625 0.34553703703703703 0.0098486328125 0.010986111111111111
1 0.731767578125 0.33455092592592595 0.00579345703125 0.013185185185185185
0 0.78863037109375 0.33746759259259257 0.01669921875 0.01925
0 0.73984130859375 0.23346296296296296 0.01473388671875 0.008694444444444446
0 0.84052734375 0.3225648148148148 0.00785888671875 0.009314814814814816