0 0.2128564453125 0.3902731481481482 0.01230224609375 0.014578703703703703
1 0.2463037109375 0.38055092592592593 0.0079443359375 0.011666666666666667
0 0.28840087890625 0.3411851851851852 0.01217529296875 0.01312037037037037
0 0.2809033203125 0.39975 0.0171728515625 0.014092592592592592
0 0.35186279296875 0.36581018518518515 0.01794921875 0.015087962962962964
0 0.3220556640625 0.23847685185185186 0.01711181640625 0.01336111111111111
0 0.51251953125 0.23437037037037037 0.00877197265625 0.03856018518518519
0 0.4242724609375 0.5869953703703704 0.00694091796875 0.03518518518518519
1 0.45132568359375 0.5146111111111111 0.00580810546875 0.01772685185185185
1 0.37115966796875 0.5116574074074074 0.00580810546875 0.020412037037037038
1 0.40595703125 0.6375601851851852 0.004169921875 0.019435185185185184
0 0.38884521484375 0.7493888888888889 0.0053857421875 0.027671296296296298
0 0.4685791015625 0.6553472222222222 0.00955322265625 0.04446759259259259
0 0.54167236328125 0.7062361111111112 0.00750732421875 0.03262962962962963
0 0.5801513671875 0.7369351851851852 0.00625732421875 0.03173611111111111
1 0.5496484375 0.7760879629629629 0.0046923828125 0.015722222222222224
1 0.50142822265625 0.6163657407407407 0.0053662109375 0.01860648148148148
0 0.494990234375 0.5538564814814815 0.008740234375 0.044773148148148145
0 0.53837890625 0.36066203703703703 0.006591796875 0.02936574074074074
0 0.63323974609375 0.23652777777777775 0.0245947265625 0.022412037037037036
0 0.65048828125 0.3317731481481481 0.01437255859375 0.015444444444444445
0 0.7008740234375 0.3884074074074074 0.014853515625 0.017263888888888888
0 0.74623046875 0.33359259259259255 0.01677001953125 0.016657407407407405
0 0.69648193359375 0.3119398148148148 0.01501220703125 0.01514351851851852
0 0.782724609375 0.39597685185185183 0.0162890625 0.01787037037037037
0 0.77609619140625 0.3143611111111111 0.01708984375 0.02059259259259259