0 0.21339599609375 0.34209259259259256 0.01302001953125 0.018601851851851852
0 0.246748046875 0.36644444444444446 0.00695556640625 0.009810185185185186
1 0.27751220703125 0.2764814814814815 0.0053515625 0.010486111111111111
0 0.3053369140625 0.268875 0.01105712890625 0.008791666666666666
0 0.3108642578125 0.3669537037037037 0.0139111328125 0.009467592592592592
0 0.42499267578125 0.3122361111111111 0.00791259765625 0.034694444444444444
0 0.474560546875 0.2916111111111111 0.00914794921875 0.04312962962962963
0 0.4928564453125 0.40084722222222224 0.00865234375 0.03844444444444445
0 0.42029296875 0.6071296296296297 0.00642822265625 0.03844444444444445
1 0.44031982421875 0.5893148148148148 0.003955078125 0.017814814814814815
0 0.46405517578125 0.7224583333333333 0.0059326171875 0.03750462962962963
0 0.54527099609375 0.6584629629629629 0.0066748046875 0.036097222222222225
1 0.5084326171875 0.6725277777777778 0.004697265625 0.019222222222222224
1 0.58210693359375 0.7330092592592592 0.00568603515625 0.017347222222222222
0 0.51102783203125 0.5766527777777778 0.00642822265625 0.04312962962962963
0 0.5322900390625 0.2967638888888889 0.0074169921875 0.051569444444444446
1 0.56134033203125 0.2634814814814815 0.00370849609375 0.01687962962962963
0 0.56949951171875 0.27402777777777776 0.00568603515625 0.03797685185185185
0 0.5912548828125 0.2770740740740741 0.00865234375 0.042194444444444444
0 0.58841064453125 0.33239814814814816 0.00692138671875 0.03375462962962963
0 0.6122705078125 0.6673703703703704 0.00766357421875 0.028597222222222225
0 0.6190673828125 0.5614166666666667 0.00791259765625 0.03422222222222222
0 0.7146240234375 0.3307546296296296 0.0121142578125 0.016407407407407405
0 0.750595703125 0.3917037037037037 0.00989013671875 0.013597222222222222
1 0.8060986328125 0.3469305555555556 0.00717041015625 0.010314814814814815
0 0.83082275390625 0.4027222222222222 0.01112548828125 0.014064814814814815