0 0.19139892578125 0.34453703703703703 0.01630859375 0.014037037037037037
0 0.25562255859375 0.4303148148148148 0.01365234375 0.01678240740740741
0 0.28482421875 0.3313055555555556 0.0149169921875 0.016300925925925927
1 0.29847900390625 0.3133287037037037 0.006826171875 0.01774074074074074
1 0.4343505859375 0.3042916666666667 0.0077294921875 0.01648611111111111
0 0.474345703125 0.2500648148148148 0.00927490234375 0.0245462962962963
0 0.4841015625 0.39075925925925925 0.0067626953125 0.03261111111111111
0 0.454443359375 0.45231481481481484 0.00734130859375 0.02967592592592592
0 0.40749267578125 0.5444629629629629 0.00734130859375 0.029310185185185186
0 0.4251708984375 0.7086064814814814 0.00908203125 0.0512962962962963
1 0.4967578125 0.5505092592592592 0.0050244140625 0.022351851851851852
1 0.51366455078125 0.27113425925925927 0.00753662109375 0.018319444444444444
0 0.5495068359375 0.31675 0.00695556640625 0.03407407407407407
0 0.5287353515625 0.3667592592592593 0.011787109375 0.01099074074074074
0 0.58853515625 0.4096296296296296 0.00734130859375 0.0300462962962963
0 0.5810009765625 0.40285185185185185 0.00463623046875 0.023083333333333334
0 0.52168212890625 0.46751851851851856 0.00734130859375 0.032976851851851854
1 0.5529833984375 0.5080046296296297 0.0050244140625 0.01502314814814815
0 0.57443115234375 0.6703194444444445 0.0077294921875 0.044333333333333336
0 0.52487060546875 0.7520231481481481 0.00830810546875 0.01648611111111111
1 0.6097900390625 0.5886111111111112 0.0057958984375 0.019416666666666665
0 0.6350048828125 0.5107546296296296 0.006376953125 0.04103703703703704
1 0.6278564453125 0.2958657407407408 0.006376953125 0.017953703703703704
0 0.59877685546875 0.23797222222222222 0.00695556640625 0.028944444444444446
1 0.7830078125 0.33616666666666667 0.00521728515625 0.009893518518518519
0 0.8411669921875 0.35283796296296294 0.0144921875 0.01538888888888889