0 0.17517822265625 0.41482407407407407 0.02216796875 0.030912037037037036
1 0.2108203125 0.4438796296296296 0.00869384765625 0.009893518518518519
0 0.22353515625 0.3919490740740741 0.0115185546875 0.007416666666666667
0 0.27645751953125 0.4020462962962963 0.014345703125 0.021018518518518516
0 0.3232958984375 0.391125 0.01543212890625 0.018958333333333334
0 0.32394775390625 0.30375 0.01673583984375 0.008240740740740741
0 0.3691552734375 0.30622222222222223 0.01673583984375 0.02060648148148148
0 0.34981201171875 0.21143055555555557 0.0328173828125 0.02390277777777778
0 0.4112109375 0.20813425925925927 0.02347412109375 0.019782407407407405
1 0.36393798828125 0.1932962962962963 0.00673828125 0.008240740740740741
0 0.3853466796875 0.2207037037037037 0.00956298828125 0.009481481481481481
0 0.42718505859375 0.14342592592592593 0.01630126953125 0.014013888888888888
0 0.4601123046875 0.15558333333333332 0.02999267578125 0.01525
0 0.51520751953125 0.15269907407407407 0.0084765625 0.025962962962962962
0 0.54574462890625 0.1693935185185185 0.00478271484375 0.02472685185185185
0 0.50021240234375 0.18773148148148147 0.0080419921875 0.01937037037037037
0 0.51977294921875 0.265212962962963 0.0080419921875 0.058111111111111106
0 0.45958740234375 0.3400509259259259 0.00751953125 0.03400462962962963
0 0.57267578125 0.233375 0.0086767578125 0.046620370370370375
0 0.4099853515625 0.6507546296296297 0.0072314453125 0.030166666666666665
1 0.476796875 0.6551435185185185 0.0049169921875 0.01590740740740741
0 0.5360888671875 0.6348518518518519 0.0072314453125 0.03126388888888889
0 0.58656005859375 0.6507546296296297 0.00578369140625 0.038939814814814816
0 0.473037109375 0.5490138888888888 0.00665283203125 0.02961574074074074
0 0.40810546875 0.5078796296296296 0.0063623046875 0.027421296296296294
0 0.5609619140625 0.5534027777777777 0.00665283203125 0.03619907407407407
0 0.519892578125 0.4955416666666666 0.0072314453125 0.027972222222222225
1 0.411865234375 0.37762037037037033 0.00694091796875 0.011518518518518518
1 0.4634228515625 0.25325925925925924 0.00654296875 0.018050925925925925
0 0.55563232421875 0.3691712962962963 0.00892333984375 0.046814814814814816
1 0.5315380859375 0.3584537037037037 0.0107080078125 0.015231481481481481
0 0.6528955078125 0.2044675925925926 0.02022705078125 0.02425462962962963
0 0.63058837890625 0.30825 0.00892333984375 0.049074074074074076
0 0.609765625 0.3815787037037037 0.00654296875 0.03215277777777778
0 0.64650146484375 0.6291944444444444 0.00624755859375 0.036662037037037035
0 0.70450439453125 0.20023611111111111 0.0217138671875 0.029328703703703704
0 0.71625244140625 0.2924583333333334 0.0178466796875 0.02538425925925926
0 0.71669921875 0.40047222222222223 0.0151708984375 0.024819444444444443
0 0.7974560546875 0.4574444444444445 0.01308837890625 0.025944444444444444
0 0.7675634765625 0.37537499999999996 0.0145751953125 0.02425462962962963
0 0.878212890625 0.5062314814814814 0.0151708984375 0.038921296296296294