1 0.18733642578125 0.3529305555555556 0.01004638671875 0.00823611111111111
0 0.22857666015625 0.349375 0.01002197265625 0.00827314814814815
0 0.26931396484375 0.37419444444444444 0.01155517578125 0.010060185185185186
0 0.29598876953125 0.29009722222222223 0.0091162109375 0.008518518518518517
0 0.45463623046875 0.6710694444444444 0.00535888671875 0.019648148148148147
1 0.48728271484375 0.5625231481481481 0.00564208984375 0.01834259259259259
0 0.42561767578125 0.7039166666666666 0.00644775390625 0.029041666666666664
0 0.43300537109375 0.35718055555555556 0.00994140625 0.03362962962962963
1 0.44550048828125 0.2573148148148148 0.0069873046875 0.02139814814814815
1 0.60823486328125 0.2080138888888889 0.00707763671875 0.01739814814814815
1 0.5756005859375 0.2728796296296296 0.0057666015625 0.014912037037037038
0 0.5683935546875 0.2577175925925926 0.00760009765625 0.02634259259259259
1 0.62199462890625 0.2932546296296296 0.00786376953125 0.013916666666666666
0 0.5896240234375 0.35662962962962963 0.00707763671875 0.019384259259259257
0 0.57653076171875 0.7041018518518518 0.0067431640625 0.03134722222222222
1 0.5349853515625 0.6704861111111111 0.0067431640625 0.01113888888888889
0 0.614814453125 0.6463564814814815 0.00543701171875 0.023097222222222224
0 0.61894775390625 0.5504537037037037 0.0076123046875 0.036708333333333336
0 0.7210107421875 0.3086157407407408 0.01369140625 0.019587962962962963
0 0.769052734375 0.2856111111111111 0.0122509765625 0.017310185185185185
0 0.77082763671875 0.35281944444444446 0.011357421875 0.013037037037037038