1 0.1165771484375 0.39705092592592595 0.0038134765625 0.009162037037037036
0 0.16285400390625 0.3830694444444444 0.01195068359375 0.018805555555555555
0 0.20950927734375 0.2970046296296296 0.00864501953125 0.008680555555555556
1 0.21319580078125 0.369087962962963 0.006357421875 0.013981481481481482
1 0.26239501953125 0.3577546296296296 0.01373046875 0.015430555555555555
1 0.2643017578125 0.20997685185185186 0.007373046875 0.011087962962962963
0 0.29748291015625 0.2526481481481482 0.021357421875 0.022180555555555554
0 0.3651171875 0.1820138888888889 0.00813720703125 0.03326851851851852
0 0.387236328125 0.28374537037037034 0.00610107421875 0.03905555555555556
1 0.37503173828125 0.3208703703703704 0.00610107421875 0.018805555555555555
0 0.484873046875 0.2287824074074074 0.00559326171875 0.036162037037037034
0 0.44940185546875 0.29965740740740743 0.00533935546875 0.03326851851851852
0 0.40312744140625 0.47081944444444446 0.0043212890625 0.02941203703703704
1 0.429697265625 0.5535092592592592 0.0040673828125 0.016393518518518516
1 0.49720458984375 0.4917916666666667 0.00483154296875 0.015430555555555555
0 0.36092041015625 0.7094861111111112 0.006865234375 0.03519907407407408
0 0.3897802734375 0.5954537037037038 0.00864501953125 0.014462962962962962
0 0.47241455078125 0.624625 0.007119140625 0.04483796296296296
0 0.53038330078125 0.588462962962963 0.007119140625 0.037125
0 0.57144775390625 0.519037037037037 0.00533935546875 0.03230555555555555
1 0.61327392578125 0.5631527777777778 0.0035595703125 0.015430555555555555
0 0.60653564453125 0.6923703703703704 0.00584716796875 0.03278703703703703
0 0.50673828125 0.3965694444444445 0.00559326171875 0.026518518518518518
0 0.598017578125 0.3854814814814815 0.006611328125 0.04773148148148148
0 0.5244091796875 0.1967175925925926 0.007373046875 0.03953703703703704
1 0.57551513671875 0.21238888888888888 0.00533935546875 0.016875
0 0.640224609375 0.17694907407407406 0.020849609375 0.031824074074074074
0 0.68726318359375 0.3510046296296296 0.0101708984375 0.018319444444444444
0 0.75248046875 0.32689814814814816 0.0043212890625 0.014462962962962962
0 0.7607421875 0.3934351851851852 0.0111865234375 0.02025
0 0.8338427734375 0.43513888888888885 0.0170361328125 0.021699074074074072
0 0.8199853515625 0.3302731481481481 0.007626953125 0.016393518518518516