0 0.15873046875 0.43350462962962966 0.0112744140625 0.010541666666666666
1 0.1645263671875 0.40414351851851854 0.0069873046875 0.012046296296296296
0 0.19557373046875 0.4217592592592593 0.00841796875 0.007527777777777778
0 0.2160595703125 0.39932407407407405 0.02620361328125 0.018671296296296297
0 0.2057373046875 0.35385185185185186 0.00714599609375 0.011444444444444445
0 0.227255859375 0.3675555555555555 0.005400390625 0.014152777777777778
0 0.2511572265625 0.2996435185185185 0.0112744140625 0.010240740740740741
0 0.2542529296875 0.3199722222222222 0.0269970703125 0.016564814814814817
0 0.287763671875 0.31063425925925925 0.0069873046875 0.010541666666666666
0 0.28307861328125 0.3536990740740741 0.0087353515625 0.009333333333333334
0 0.302294921875 0.39556018518518515 0.0112744140625 0.011745370370370371
0 0.35647216796875 0.31983333333333336 0.02086669921875 0.014351851851851852
1 0.43375244140625 0.2772175925925926 0.007568359375 0.023046296296296297
1 0.43994384765625 0.38549537037037035 0.006650390625 0.020439814814814813
1 0.47009765625 0.34070833333333334 0.0073388671875 0.015217592592592592
1 0.4241259765625 0.6673287037037038 0.00595458984375 0.014217592592592592
1 0.4443017578125 0.643287037037037 0.00617431640625 0.015472222222222222
1 0.46877685546875 0.6382685185185185 0.005732421875 0.015472222222222222
0 0.42710205078125 0.5937407407407408 0.01014404296875 0.046828703703703706
1 0.44749755859375 0.5356203703703704 0.0055126953125 0.01839814814814815
0 0.4161865234375 0.5069768518518518 0.0085986328125 0.03888425925925926
0 0.49060546875 0.520986111111111 0.011025390625 0.08111574074074074
0 0.46888671875 0.42460648148148145 0.009921875 0.06397222222222222
1 0.46039794921875 0.4812638888888889 0.00485107421875 0.020907407407407406
1 0.5044970703125 0.4476064814814815 0.00529296875 0.021324074074074075
1 0.486416015625 0.40453703703703703 0.00793701171875 0.02634259259259259
1 0.4843212890625 0.25819444444444445 0.0081591796875 0.012962962962962963
1 0.5091259765625 0.3250925925925926 0.005732421875 0.012125
1 0.5772607421875 0.26739351851851856 0.00749755859375 0.014634259259259258
1 0.54396484375 0.3491342592592593 0.0070556640625 0.01087037037037037
1 0.5693212890625 0.3991018518518518 0.00661376953125 0.02048611111111111
0 0.52367919921875 0.42188888888888887 0.00882080078125 0.04766666666666666
1 0.526435546875 0.6524861111111111 0.0068359375 0.018814814814814815
1 0.5631494140625 0.6424537037037037 0.00661376953125 0.02299537037037037
0 0.54197998046875 0.5918564814814815 0.00882080078125 0.06397222222222222
1 0.58630126953125 0.5414722222222222 0.005732421875 0.015050925925925924
1 0.52820068359375 0.5191064814814814 0.00595458984375 0.013796296296296296
1 0.551904296875 0.47248148148148145 0.00749755859375 0.02425
0 0.59754638671875 0.5193148148148148 0.00617431640625 0.04599537037037037
1 0.7085400390625 0.2972638888888889 0.00847412109375 0.013231481481481481
0 0.73944580078125 0.3447638888888889 0.0074755859375 0.014652777777777777
0 0.71484619140625 0.39428703703703705 0.0108642578125 0.011310185185185185
0 0.7617138671875 0.3997407407407408 0.00788330078125 0.014138888888888888
0 0.762353515625 0.31510648148148146 0.00830810546875 0.01212037037037037
0 0.777158203125 0.32722685185185185 0.01917236328125 0.020199074074074074
0 0.839365234375 0.4197361111111111 0.008095703125 0.015351851851851851
0 0.7963330078125 0.41933333333333334 0.0213037109375 0.02424074074074074