0 0.30521484375 0.36749074074074073 0.01629150390625 0.012824074074074075
0 0.24304931640625 0.3365972222222222 0.0210546875 0.01865277777777778
1 0.281162109375 0.34665277777777775 0.00476318359375 0.010199074074074074
1 0.39442626953125 0.29871296296296296 0.00722412109375 0.00874074074074074
1 0.471728515625 0.3239212962962963 0.0044580078125 0.017194444444444446
1 0.50469482421875 0.3963425925925926 0.00583984375 0.03089351851851852
1 0.4854833984375 0.7174953703703704 0.0049169921875 0.023898148148148148
0 0.4387646484375 0.7051111111111111 0.0067626953125 0.018944444444444444
1 0.57694091796875 0.6256574074074075 0.00452392578125 0.02108796296296296
1 0.60106689453125 0.6383472222222222 0.005654296875 0.013583333333333333
0 0.49853271484375 0.626375 0.005654296875 0.020375
0 0.51766357421875 0.5886666666666667 0.006220703125 0.020013888888888887
1 0.61869140625 0.5938472222222222 0.0043359375 0.011796296296296296
1 0.537265625 0.31559722222222225 0.0047119140625 0.018587962962962962
1 0.56205078125 0.3633148148148148 0.0041455078125 0.019657407407407408
1 0.77240234375 0.35360648148148144 0.01021484375 0.014759259259259258