1 0.21258056640625 0.2627037037037037 0.0064306640625 0.008467592592592593
0 0.198466796875 0.2159537037037037 0.0082177734375 0.013888888888888888
0 0.234462890625 0.22205092592592593 0.0069677734375 0.008467592592592593
0 0.25645751953125 0.2709074074074074 0.00552978515625 0.00874074074074074
0 0.3414208984375 0.20398148148148149 0.016005859375 0.012861111111111111
1 0.386591796875 0.19960648148148147 0.00651123046875 0.008231481481481482
0 0.39106689453125 0.23613425925925927 0.00461181640625 0.012347222222222223
0 0.31334228515625 0.2927222222222222 0.0081396484375 0.008231481481481482
0 0.3439990234375 0.25902314814814814 0.00596923828125 0.014921296296296295
0 0.356884765625 0.292462962962963 0.0056982421875 0.007717592592592594
1 0.4672998046875 0.2659722222222222 0.00786865234375 0.011319444444444444
1 0.53200439453125 0.28346296296296297 0.0043408203125 0.012347222222222223
1 0.48927490234375 0.6749583333333333 0.0056982421875 0.013375
1 0.541904296875 0.6163101851851852 0.00461181640625 0.014402777777777778
1 0.559267578125 0.5676944444444445 0.00406982421875 0.012861111111111111
1 0.49429443359375 0.4941296296296296 0.0048828125 0.015949074074074074
0 0.45943359375 0.43033796296296295 0.02794189453125 0.020064814814814817
1 0.50419677734375 0.35856944444444444 0.0067822265625 0.015435185185185187
0 0.54651611328125 0.3431388888888889 0.00515380859375 0.03600925925925926
1 0.56754150390625 0.3565138888888889 0.0048828125 0.01749074074074074
0 0.5903662109375 0.2882638888888889 0.03194580078125 0.01626388888888889
0 0.65361572265625 0.2902962962962963 0.00407470703125 0.020328703703703703
0 0.71430908203125 0.2705277777777778 0.00941650390625 0.011902777777777778
0 0.7549658203125 0.2518611111111111 0.00684814453125 0.008115740740740741
0 0.729287109375 0.19099537037037037 0.0097021484375 0.011902777777777778
1 0.8034716796875 0.23562962962962963 0.0097021484375 0.009199074074074075
1 0.84898193359375 0.2759398148148148 0.0065625 0.00974074074074074
0 0.8078955078125 0.2821620370370371 0.01683349609375 0.01136111111111111
1 0.64468994140625 0.3911851851851852 0.00485107421875 0.015148148148148148
1 0.678642578125 0.46152314814814815 0.00427978515625 0.01839814814814815
1 0.6023193359375 0.41715740740740737 0.003994140625 0.014069444444444445
1 0.6733642578125 0.6698287037037036 0.003994140625 0.019476851851851853
1 0.58648193359375 0.6630694444444445 0.00485107421875 0.012444444444444444
1 0.6182958984375 0.6392592592592592 0.0045654296875 0.013527777777777777
0 0.65981201171875 0.55675 0.0059912109375 0.03462962962962963
1 0.6103076171875 0.4958796296296296 0.00513671875 0.013527777777777777
0 0.57507080078125 0.5237453703703704 0.0065625 0.032462962962962964
1 0.64811279296875 0.5824490740740741 0.00485107421875 0.014606481481481482