0 0.33715576171875 0.39370370370370367 0.0116015625 0.022560185185185183
0 0.2840625 0.3186851851851852 0.01546630859375 0.024819444444444443
0 0.32644775390625 0.3243287037037037 0.00922119140625 0.020305555555555556
0 0.37314697265625 0.26087037037037036 0.01576416015625 0.022000000000000002
0 0.41627685546875 0.24507870370370372 0.01576416015625 0.02425462962962963
0 0.4757666015625 0.14947222222222223 0.02349853515625 0.014666666666666666
0 0.4965869140625 0.2721527777777778 0.0068408203125 0.04117592592592593
0 0.454052734375 0.18500925925925926 0.00624755859375 0.011282407407407408
0 0.56901611328125 0.15088425925925927 0.007138671875 0.03102314814814815
0 0.5626220703125 0.21433796296296298 0.00624755859375 0.036097222222222225
0 0.48216064453125 0.6647314814814814 0.00832763671875 0.02876851851851852
0 0.54105712890625 0.6449907407407408 0.00654296875 0.016356481481481482
0 0.51413818359375 0.5183611111111112 0.0074365234375 0.03384259259259259
0 0.45583740234375 0.39060185185185187 0.0074365234375 0.036662037037037035
0 0.57838623046875 0.4506759259259259 0.0068408203125 0.032712962962962965
0 0.5412060546875 0.3361712962962963 0.0080322265625 0.036097222222222225
0 0.4870703125 0.32263425925925926 0.0068408203125 0.013537037037037037
0 0.59890869140625 0.2786388888888889 0.0074365234375 0.04399537037037037
0 0.59846435546875 0.13818981481481482 0.0113037109375 0.028203703703703703
0 0.662265625 0.17795833333333333 0.02052490234375 0.023125
0 0.63133056640625 0.2086990740740741 0.00922119140625 0.039481481481481485
0 0.72443359375 0.2445138888888889 0.0151708984375 0.02425462962962963
0 0.6534912109375 0.3356064814814815 0.0101123046875 0.04061111111111111
0 0.69900146484375 0.4035740740740741 0.00892333984375 0.03102314814814815
0 0.62612548828125 0.644425925925926 0.00832763671875 0.038921296296296294
0 0.6738671875 0.5868935185185186 0.0139794921875 0.033277777777777774
0 0.628505859375 0.4771851851851852 0.00951904296875 0.04061111111111111
0 0.8664697265625 0.4723888888888889 0.010224609375 0.017625000000000002
0 0.81488037109375 0.41657407407407404 0.0136328125 0.025851851851851855
0 0.75415283203125 0.3448935185185185 0.0061962890625 0.010574074074074074
0 0.80031982421875 0.31257870370370366 0.01859130859375 0.0235
0 0.85485107421875 0.3569351851851852 0.0130126953125 0.011162037037037036