0 0.23015380859375 0.35360648148148144 0.01248046875 0.012805555555555556
0 0.23433837890625 0.42237962962962966 0.01145263671875 0.015037037037037036
1 0.27001708984375 0.41959259259259263 0.0064599609375 0.014476851851851852
0 0.322236328125 0.3959351851851852 0.015615234375 0.016800925925925924
0 0.28815185546875 0.3065231481481482 0.010810546875 0.009967592592592594
0 0.331171875 0.3058148148148148 0.00946044921875 0.010819444444444446
0 0.36322998046875 0.23775925925925923 0.0150146484375 0.017652777777777778
1 0.4303759765625 0.39671296296296293 0.01141845703125 0.022351851851851852
1 0.42236572265625 0.625625 0.01123291015625 0.02409722222222222
1 0.5900439453125 0.775037037037037 0.01141845703125 0.022125
1 0.590166015625 0.5625092592592592 0.010673828125 0.02636111111111111
0 0.52500732421875 0.6733611111111111 0.0139013671875 0.055074074074074074
0 0.4652197265625 0.523287037037037 0.0093359375 0.03835648148148148
0 0.54957275390625 0.4122222222222222 0.01000244140625 0.040462962962962964
1 0.49922607421875 0.46638425925925925 0.01111328125 0.025712962962962962
1 0.51789794921875 0.33466666666666667 0.00533447265625 0.01601851851851852
1 0.48887451171875 0.24433796296296295 0.00758056640625 0.015
1 0.56986083984375 0.213875 0.00642578125 0.010935185185185185
0 0.65630859375 0.2922777777777778 0.01286376953125 0.01837037037037037
0 0.71054443359375 0.33143055555555556 0.00794189453125 0.010541666666666666
0 0.67187255859375 0.3860925925925926 0.0096875 0.018069444444444444
0 0.744609375 0.44632407407407404 0.0087353515625 0.01325
0 0.78526611328125 0.4832175925925926 0.00714599609375 0.01596296296296296
0 0.82814697265625 0.44652314814814814 0.0166357421875 0.02912037037037037
0 0.779677734375 0.39040277777777777 0.00895751953125 0.013347222222222222