0 0.2096923828125 0.47185185185185186 0.0121630859375 0.012032407407407407
0 0.21868408203125 0.3981388888888889 0.00951904296875 0.011032407407407407
0 0.29298828125 0.34473611111111113 0.00899169921875 0.014541666666666666
0 0.286640625 0.42170833333333335 0.00899169921875 0.014041666666666666
0 0.28518798828125 0.46608333333333335 0.013486328125 0.012537037037037036
0 0.34018798828125 0.31916666666666665 0.01242919921875 0.0165462962962963
0 0.3343701171875 0.40491203703703704 0.0156005859375 0.013537037037037037
1 0.37575439453125 0.4505416666666667 0.0052880859375 0.015546296296296296
0 0.41462646484375 0.37783333333333335 0.0047607421875 0.0165462962962963
0 0.393603515625 0.34223148148148147 0.00766845703125 0.014541666666666666
0 0.36213623046875 0.2853194444444444 0.01136962890625 0.012032407407407407
0 0.42692138671875 0.3332037037037037 0.00766845703125 0.033597222222222216
0 0.429169921875 0.4683425925925926 0.00793212890625 0.03409722222222222
0 0.46103271484375 0.26175 0.0087255859375 0.04212037037037037
1 0.50162353515625 0.32543055555555556 0.003701171875 0.014041666666666666
1 0.45296875 0.3695601851851852 0.0047607421875 0.016046296296296295
0 0.47478271484375 0.4076666666666666 0.00290771484375 0.027078703703703706
0 0.51524169921875 0.4472824074074074 0.00555419921875 0.03409722222222222
1 0.562177734375 0.3597824074074074 0.003701171875 0.013537037037037037
1 0.46235595703125 0.7920185185185186 0.0050244140625 0.014541666666666666
0 0.51947265625 0.7955277777777777 0.00396728515625 0.027578703703703702
1 0.5456494140625 0.7346064814814814 0.00396728515625 0.021060185185185185
0 0.46764404296875 0.7278333333333333 0.00449462890625 0.029583333333333333
0 0.42824462890625 0.624287037037037 0.0050244140625 0.03510185185185185
1 0.42996337890625 0.5347824074074075 0.0047607421875 0.018550925925925926
1 0.508232421875 0.5967083333333334 0.0047607421875 0.023064814814814816
0 0.46116455078125 0.553587962962963 0.0047607421875 0.030087962962962962
0 0.6169140625 0.28356018518518517 0.00634521484375 0.029583333333333333
0 0.5929833984375 0.32092129629629634 0.006611328125 0.030087962962962962
0 0.64824951171875 0.35727314814814815 0.00449462890625 0.02356944444444444
0 0.59060302734375 0.43725462962962963 0.00555419921875 0.0330925925925926
0 0.552392578125 0.5011851851851852 0.00581787109375 0.03159259259259259
1 0.63291259765625 0.4159398148148148 0.00396728515625 0.013537037037037037
0 0.613212890625 0.7870046296296297 0.0047607421875 0.019555555555555555
0 0.644150390625 0.7757222222222222 0.0047607421875 0.019055555555555555
0 0.59020751953125 0.6343194444444445 0.00740478515625 0.02507407407407407
0 0.66279296875 0.5721388888888889 0.006611328125 0.027078703703703706
0 0.6270947265625 0.536037037037037 0.00555419921875 0.031087962962962967
0 0.692275390625 0.3547685185185185 0.01639404296875 0.0165462962962963
0 0.73907958984375 0.3384675925925926 0.01110595703125 0.015041666666666667
0 0.8010888671875 0.45380092592592597 0.007138671875 0.013037037037037038
0 0.861220703125 0.37066203703703704 0.006875 0.010203703703703703
0 0.92054931640625 0.4565277777777778 0.0125537109375 0.019837962962962963