1 0.158408203125 0.38836574074074076 0.00877685546875 0.010305555555555556
0 0.23406005859375 0.36974074074074076 0.01504638671875 0.017435185185185182
0 0.24367431640625 0.30752314814814813 0.01212158203125 0.011888888888888888
0 0.3089794921875 0.3562685185185185 0.013583984375 0.015060185185185185
0 0.41096435546875 0.22033796296296296 0.00898681640625 0.031703703703703706
0 0.44189453125 0.2774027777777778 0.0085693359375 0.04121296296296296
0 0.42977294921875 0.5046805555555555 0.00898681640625 0.024175925925925927
0 0.48431640625 0.5209259259259259 0.0081494140625 0.03526851851851852
1 0.50688720703125 0.4731712962962963 0.0060595703125 0.015851851851851853
0 0.409814453125 0.6316898148148148 0.0054345703125 0.029324074074074075
1 0.4493115234375 0.6847916666666667 0.0041796875 0.009509259259259259
0 0.535205078125 0.6471481481481481 0.0071044921875 0.03883796296296296
1 0.57532958984375 0.5672916666666666 0.0050146484375 0.02337962962962963
0 0.61451171875 0.6081111111111112 0.00689697265625 0.037648148148148146
0 0.52809814453125 0.38975462962962965 0.0091943359375 0.0535
0 0.562685546875 0.4040185185185185 0.00773193359375 0.04557407407407407
0 0.591943359375 0.25996759259259256 0.00898681640625 0.04597222222222222
1 0.61033203125 0.2999953703703704 0.0039697265625 0.011097222222222222
0 0.62632080078125 0.3469537037037037 0.00877685546875 0.04557407407407407
1 0.77031005859375 0.38222222222222224 0.00585205078125 0.009907407407407406
0 0.80876220703125 0.33546296296296296 0.01462890625 0.014662037037037038
0 0.86362060546875 0.36161574074074077 0.0085693359375 0.012287037037037037