0 0.11525634765625 0.31660185185185186 0.0185498046875 0.01824074074074074
0 0.1872265625 0.3104166666666667 0.0133984375 0.011074074074074075
0 0.2815625 0.3903425925925926 0.01547607421875 0.01399537037037037
1 0.211796875 0.32622685185185185 0.00452392578125 0.009481481481481481
0 0.2413232421875 0.25081944444444443 0.0173828125 0.014898148148148148
1 0.31572998046875 0.22260185185185186 0.0052392578125 0.010837962962962962
0 0.3398974609375 0.3047777777777778 0.01881103515625 0.014449074074074074
0 0.38918701171875 0.3935 0.0083349609375 0.028444444444444442
0 0.4145458984375 0.310875 0.00952392578125 0.033865740740740745
0 0.44895263671875 0.2727175925925926 0.0102392578125 0.02889814814814815
0 0.42133056640625 0.5034490740740741 0.0083349609375 0.02799537037037037
0 0.361923828125 0.5580833333333334 0.00761962890625 0.02980092592592593
0 0.4663330078125 0.45016666666666666 0.01357177734375 0.01715740740740741
0 0.48133544921875 0.4002731481481482 0.00881103515625 0.041087962962962965
1 0.380615234375 0.6325833333333334 0.0078564453125 0.015351851851851851
0 0.4475244140625 0.6488379629629629 0.0083349609375 0.036120370370370365
0 0.410498046875 0.7364351851851852 0.008095703125 0.03521759259259259
1 0.47954833984375 0.5799814814814814 0.00666748046875 0.023930555555555556
1 0.505859375 0.46822685185185187 0.0059521484375 0.018060185185185183
0 0.54490966796875 0.559212962962963 0.00642822265625 0.025736111111111112
0 0.51752685546875 0.3878564814814815 0.009287109375 0.038828703703703706
0 0.48300048828125 0.22169907407407408 0.006904296875 0.025287037037037035
1 0.54860107421875 0.2889722222222222 0.00761962890625 0.02348148148148148
0 0.53657470703125 0.24517592592592594 0.01547607421875 0.014449074074074074
0 0.586220703125 0.45355555555555555 0.0090478515625 0.03657407407407407
0 0.5360986328125 0.41381944444444446 0.006904296875 0.019416666666666665
0 0.497763671875 0.6775092592592593 0.0078564453125 0.032060185185185185
0 0.5996728515625 0.6592222222222223 0.006904296875 0.03341203703703704
0 0.69384521484375 0.3652824074074074 0.01571533203125 0.01625462962962963
0 0.69194091796875 0.3842453703703704 0.01476318359375 0.014449074074074074
0 0.72837158203125 0.3397685185185185 0.01047607421875 0.014898148148148148
0 0.77694580078125 0.3176481481481481 0.014287109375 0.015805555555555555
0 0.7995654296875 0.39575925925925926 0.01381103515625 0.014898148148148148
0 0.79230224609375 0.30048611111111106 0.0083349609375 0.014898148148148148