0 0.2218701171875 0.4666296296296296 0.0192919921875 0.03218055555555556
0 0.27179931640625 0.43444907407407407 0.01089599609375 0.0077916666666666655
0 0.32646240234375 0.4383472222222222 0.01232666015625 0.01897222222222222
0 0.37005126953125 0.33062037037037034 0.01089599609375 0.010837962962962962
0 0.3713916015625 0.41971296296296295 0.01143310546875 0.01761574074074074
0 0.41837158203125 0.3290972222222222 0.0167919921875 0.023375
0 0.39666748046875 0.23492592592592593 0.02983154296875 0.02201851851851852
0 0.43275390625 0.2418703703703704 0.00839599609375 0.012194444444444444
0 0.45892333984375 0.2247638888888889 0.0210791015625 0.017953703703703704
0 0.47259033203125 0.1576898148148148 0.01911376953125 0.0105
0 0.50679931640625 0.16988425925925926 0.031083984375 0.012532407407407407
0 0.564052734375 0.16175462962962964 0.0076806640625 0.026083333333333333
0 0.47025390625 0.6700972222222222 0.0059423828125 0.033810185185185186
0 0.59406982421875 0.6428611111111111 0.00643798828125 0.025356481481481483
1 0.590849609375 0.7295 0.00297119140625 0.014555555555555556
0 0.530302734375 0.5688981481481481 0.00668701171875 0.028643518518518516
1 0.5112353515625 0.4721666666666667 0.00718017578125 0.012680555555555556
0 0.466787109375 0.5235833333333334 0.0059423828125 0.030055555555555558
0 0.5745068359375 0.5071481481481481 0.00495361328125 0.025356481481481483
0 0.61548828125 0.5625601851851852 0.00767578125 0.03850462962962963
0 0.51024658203125 0.3550046296296296 0.00767578125 0.037564814814814815
0 0.56992431640625 0.2737685185185185 0.0086669921875 0.056351851851851854
1 0.5825537109375 0.36604166666666665 0.009658203125 0.017375
0 0.60595458984375 0.3726157407407408 0.0059423828125 0.045550925925925925
0 0.69807373046875 0.6405138888888889 0.00643798828125 0.03662962962962963
0 0.64322265625 0.6592962962962963 0.00767578125 0.04226388888888889
0 0.65993896484375 0.38881481481481484 0.00693359375 0.03193055555555555
0 0.68185546875 0.3181435185185185 0.00619140625 0.03991666666666666
0 0.5971630859375 0.18407870370370372 0.00668701171875 0.02348148148148148
0 0.62452880859375 0.24089814814814817 0.00842041015625 0.045078703703703704
0 0.70599853515625 0.21248611111111113 0.01683837890625 0.023949074074074074
0 0.75515380859375 0.2084953703703704 0.0190673828125 0.020662037037037038
0 0.7710009765625 0.30475925925925923 0.0175830078125 0.02911574074074074
0 0.76864990234375 0.41018055555555555 0.0138671875 0.023949074074074074
0 0.82139404296875 0.3843518518518519 0.0113916015625 0.020189814814814813
0 0.85321533203125 0.45901851851851855 0.0121337890625 0.023949074074074074
0 0.94034912109375 0.4911666666666667 0.01690185546875 0.03464814814814815