1 0.3527490234375 0.2562361111111111 0.00793212890625 0.014041666666666666
0 0.3304052734375 0.3560185185185185 0.01136962890625 0.009027777777777777
0 0.22423583984375 0.36880555555555555 0.0116357421875 0.011532407407407408
0 0.25160400390625 0.37833333333333335 0.00925537109375 0.013537037037037037
0 0.27566650390625 0.2880740740740741 0.01295654296875 0.011532407407407408
0 0.41052734375 0.22715277777777776 0.00978271484375 0.016046296296296295
0 0.38765380859375 0.1842777777777778 0.016923828125 0.011532407407407408
0 0.444638671875 0.23116203703703703 0.00925537109375 0.03710648148148148
1 0.44384521484375 0.25899074074074074 0.006611328125 0.014541666666666666
0 0.45905029296875 0.34097685185185184 0.00634521484375 0.03510185185185185
0 0.4925 0.2680185185185185 0.00766845703125 0.03058796296296296
0 0.487607421875 0.1855324074074074 0.00581787109375 0.017050925925925924
0 0.55662353515625 0.22163425925925928 0.00793212890625 0.03911111111111111
1 0.53084228515625 0.2986064814814815 0.0050244140625 0.015546296296296296
0 0.42837646484375 0.48488888888888887 0.010576171875 0.03811111111111111
0 0.4837744140625 0.43524537037037037 0.007138671875 0.04212037037037037
0 0.43855712890625 0.6486064814814815 0.007138671875 0.043625000000000004
0 0.516298828125 0.6975 0.00766845703125 0.03811111111111111
0 0.55173095703125 0.5969583333333334 0.00608154296875 0.040615740740740744
1 0.56667236328125 0.7418750000000001 0.003701171875 0.014541666666666666
1 0.4806005859375 0.5611064814814815 0.00608154296875 0.018050925925925925
1 0.5797607421875 0.44778240740740743 0.00608154296875 0.014041666666666666
0 0.57487060546875 0.33746759259259257 0.0116357421875 0.026074074074074076
0 0.63846435546875 0.6912314814814815 0.00925537109375 0.04162037037037037
1 0.6904248046875 0.628300925925926 0.00634521484375 0.018050925925925925
0 0.66755126953125 0.5245046296296296 0.00766845703125 0.030087962962962962
0 0.62312744140625 0.45029166666666665 0.00555419921875 0.04212037037037037
0 0.6732373046875 0.38911574074074073 0.00634521484375 0.03610185185185185
1 0.637275390625 0.3221712962962963 0.00581787109375 0.017550925925925925
0 0.60541015625 0.2512175925925926 0.0081982421875 0.05616203703703704
0 0.685400390625 0.23141203703703705 0.0084619140625 0.034597222222222224
0 0.86203125 0.3777407407407407 0.013623046875 0.021814814814814815
0 0.7677294921875 0.34875 0.019375 0.015499999999999998
0 0.72701171875 0.27440740740740743 0.011806640625 0.013777777777777778
0 0.7280712890625 0.19403703703703704 0.01392578125 0.017222222222222222
0 0.8240380859375 0.2531666666666667 0.00787109375 0.011481481481481481