0 0.020882812500000014 0.49888281250000005 0.036781249999999946 0.022734374999999928
0 0.03660156249999993 0.577125 0.024078125000000127 0.02006250000000005
0 0.043953124999999996 0.6506875 0.02674999999999983 0.01604687499999997
0 0.40106249999999993 0.3745 0.036109374999999846 0.01604687499999997
0 0.3609375 0.48316406250000005 0.07489843749999991 0.03142968750000001
0 0.399390625 0.541015625 0.039453125 0.02407812499999995
1 0.788265625 0.38485937499999995 0.01604687499999997 0.016718749999999984
0 0.8942656249999998 0.3306953125 0.023406250000000028 0.03276562499999995
0 0.61271875 0.5339921875 0.0180546875000001 0.036781249999999946
1 0.7805781250000001 0.5192812499999999 0.01671875000000007 0.026078125000000084
1 0.8347421874999998 0.60621875 0.014046874999999659 0.03410937500000007
0 0.7123671874999999 0.6516875 0.023406250000000028 0.066203125
1 0.49721875000000004 0.8801328125000001 0.010999999999999944 0.01811718750000004
1 0.792328125 0.8752734375 0.014882812500000142 0.025242187499999957
1 0.6389453125 0.9658749999999999 0.012296874999999829 0.03947656250000016
1 0.9424609374999999 0.9341640625000002 0.014882812500000142 0.034296875000000074
0 0.9528203125000001 0.6610703124999999 0.023945312499999715 0.074421875
