0 0.09426562499999988 0.3306953125 0.023406250000000028 0.03276562499999995
1 0.03474218749999984 0.60621875 0.014046874999999659 0.03410937500000007
1 0.14246093749999994 0.9341640625000002 0.014882812500000142 0.034296875000000074
0 0.34728906250000013 0.9827773437499999 0.015531250000000085 0.034445312499999936
0 0.1528203125000001 0.6610703124999999 0.023945312499999715 0.074421875
1 0.25021875000000016 0.6138281250000001 0.014234375000000198 0.026531250000000027
1 0.21462499999999984 0.502515625 0.018117187499999687 0.03041406250000005
0 0.4637734375000001 0.4953984375 0.06989062500000003 0.0330078125
0 0.6957812499999999 0.4821328125 0.023945312499999715 0.02329687499999995
0 0.6983671874999999 0.5788828125000001 0.01617968750000003 0.017476562499999914
0 0.8229453124999999 0.6173828125 0.06730468749999971 0.03494531250000001
0 0.892515625 0.5707890625 0.026531250000000027 0.027179687499999973
0 0.98525 0.5853515625 0.029500000000000172 0.03171093749999994
0 0.9517343749999998 0.69278125 0.027179687499999973 0.021359374999999937
