0 0.12163281250000005 0.4935703125 0.030718750000000128 0.019429687499999914
0 0.09226562499999993 0.5990624999999999 0.01897656249999997 0.011749999999999972
0 0.19594531249999997 0.6390390625 0.02123437499999987 0.015812500000000007
1 0.3838906250000001 0.4194765625 0.020328124999999985 0.02123437500000005
0 0.41370312499999995 0.425125 0.01581249999999983 0.04156250000000004
0 0.49683593750000005 0.32121875 0.020328124999999985 0.013554687500000018
1 0.6818359375 0.4831796875 0.015359374999999887 0.023039062500000006
1 0.5598593749999999 0.6028984375 0.01355468749999993 0.019429687499999914
1 0.6504375 0.7363984375 0.019429687499999914 0.01897656249999997
1 0.5160312499999999 0.8529609375 0.016265625000000127 0.026203124999999973
0 0.68296875 0.81275 0.02303906249999983 0.07228124999999999
1 0.7913671875 0.3956406250000001 0.012867187499999844 0.015250000000000031
0 0.858578125 0.4997890625 0.017640624999999945 0.04623437500000005
0 0.8242578125000002 0.4943046875 0.021453125000000028 0.05720312500000002
0 0.8197265625 0.6480312500000001 0.01715625000000003 0.03384374999999995
1 0.8330703125 0.740984375 0.015250000000000341 0.027171874999999977
0 0.8702578124999999 0.761484375 0.01715625000000003 0.04718750000000007
1 0.7770625000000001 0.8518125 0.014773437499999886 0.01715625000000003
1 0.628109375 0.9492890624999999 0.01715625000000003 0.017640624999999945
1 0.8973437499999999 0.9195703125 0.016515625000000256 0.02753124999999983
0 0.9506875000000001 0.766765625 0.028218749999999914 0.08259374999999994
1 0.9579140625000001 0.42296093749999997 0.019273437500000056 0.02546874999999993
