0 0.8966796875 0.52096875 0.0193593749999998 0.038718749999999955
0 0.9914589843750001 0.38853124999999994 0.01708203124999983 0.05720312499999998
0 0.7013125 0.7110546875 0.029921875000000143 0.07039843749999992
1 0.8333203125 0.5962109375 0.0193593749999998 0.027281250000000055
1 0.648953125 0.3058046875 0.01320312500000007 0.02728124999999997
0 0.7769999999999999 0.35464843749999997 0.017601562500000157 0.03343749999999997
0 0.4813124999999999 0.3190078125 0.045757812500000127 0.021999999999999974
0 0.16626562499999994 0.41889062499999996 0.05984374999999993 0.019359374999999977
0 0.25338281249999994 0.5821328125 0.03520312499999996 0.01847656250000007
0 0.4773515625 0.6226171875000001 0.05543750000000003 0.029039062500000056
0 0.03029687499999998 0.5310937499999999 0.037843750000000044 0.022000000000000065
