1 0.021335937499999957 0.526546875 0.020781249999999928 0.01671875000000007
0 0.14625000000000005 0.5450703125 0.023945312500000072 0.01400781250000005
0 0.12185937500000002 0.4398046875 0.02485156249999996 0.015812500000000007
0 0.22440625 0.5687890624999999 0.1088750000000001 0.037046875000000055
1 0.28653125 0.44003125 0.019875000000000042 0.01355468749999993
0 0.21899218749999996 0.3794921875 0.01671875000000007 0.012648437500000043
1 0.38275781250000007 0.5089296875 0.019875000000000042 0.014906249999999944
1 0.45188281250000006 0.5538828125 0.017164062499999844 0.015359375000000064
1 0.4952500000000001 0.451328125 0.016265625000000127 0.01716406250000002
0 0.47943750000000007 0.42015624999999995 0.025296875000000087 0.019875000000000042
0 0.8017812500000001 0.5349062499999999 0.01400781250000005 0.031625000000000014
1 0.6949453125 0.6026484375 0.022187500000000072 0.023132812499999923
0 0.8372890625 0.7452265625 0.014164062500000085 0.025023437499999978
1 0.8931875000000001 0.6223124999999999 0.011749999999999972 0.02658593749999998
1 0.929671875 0.75771875 0.015460937499999971 0.019164062499999978
0 0.7361484375 0.7651328125 0.016695312499999913 0.027820312499999923
0 0.8563984375 0.706703125 0.035859374999999714 0.02843750000000007
1 0.6505078125000001 0.8217109375 0.01483593749999983 0.02349218750000013
0 0.7605703125 0.90425 0.02596874999999983 0.08470312500000006
1 0.8579453125000001 0.9268203125 0.016695312499999913 0.022257812499999828
1 0.9877890624999999 0.53296875 0.016695312499999913 0.017312500000000064
0 0.593421875 0.809765625 0.024062500000000143 0.028468750000000043
