0 0.004392578125000135 0.5349062499999999 0.00878515625000027 0.031625000000000014
0 0.03728906250000001 0.7452265625 0.014164062500000085 0.025023437499999978
1 0.09318750000000016 0.6223124999999999 0.011749999999999972 0.02658593749999998
1 0.12967187500000002 0.75771875 0.015460937499999971 0.019164062499999978
0 0.056398437500000044 0.706703125 0.035859374999999714 0.02843750000000007
1 0.057945312500000054 0.9268203125 0.016695312499999913 0.022257812499999828
1 0.23446874999999992 0.9308359375 0.01483593749999983 0.019164062500000155
1 0.1877890624999999 0.53296875 0.016695312499999913 0.017312500000000064
1 0.2678593750000001 0.6071640625 0.01483593749999983 0.02349218749999995
0 0.36091406249999985 0.9132187500000001 0.020406249999999914 0.06677343749999984
0 0.39182812499999997 0.9425859375 0.016695312499999913 0.03276562500000004
1 0.2694062500000001 0.8439687499999999 0.012984374999999914 0.021023437499999888
1 0.41377343750000006 0.770703125 0.017312499999999887 0.025351562500000036
1 0.46664062500000014 0.822015625 0.016695312499999913 0.020406249999999914
1 0.3936796874999999 0.5406953125000001 0.014218749999999858 0.025351562500000036
0 0.5955546875 0.34964062500000004 0.061828125000000254 0.025351562500000036
0 0.7612578124999999 0.3753046875 0.01483593749999983 0.018546875000000008
0 0.5544374999999999 0.5620234375 0.022874999999999802 0.017312500000000064
0 0.6218281250000001 0.46495312499999997 0.024117187499999915 0.014835937500000007
0 0.7173593749999998 0.5852109375000001 0.016078124999999943 0.027820312499999923
0 0.8274140625000002 0.45846093750000005 0.019789062499999944 0.014218750000000035
1 0.9754296875000001 0.5485781249999999 0.019749999999999802 0.0181640625
0 0.982779296875 0.4419453125 0.03444140625000003 0.026062499999999923
0 0.9443671874999999 0.58584375 0.04406249999999971 0.022226562500000036
0 0.7973671875000001 0.53690625 0.041718749999999714 0.021835937500000034
0 0.8581953124999998 0.5612734374999999 0.015203125000000029 0.016765625000000027
