0 0.8521796875 0.5852109375000001 0.03432031250000023 0.02288281249999997
0 0.801140625 0.41713281249999995 0.025523437500000058 0.01760156249999998
0 0.9857089843750002 0.550890625 0.028582031249999675 0.019359374999999977
0 0.766375 0.358609375 0.05456250000000011 0.021999999999999974
0 0.5617734375000001 0.4369296875 0.021999999999999888 0.041359375000000045
0 0.6845312499999998 0.5790546875 0.04575781249999977 0.02288281249999997
0 0.0966796875 0.52096875 0.0193593749999998 0.038718749999999955
0 0.19435937500000017 0.38853124999999994 0.02288281249999997 0.05720312499999998
1 0.3404453125 0.46553125 0.0176015624999998 0.02464062499999997
0 0.3404453125 0.61865625 0.0211171874999998 0.05280468749999993
1 0.4491328124999999 0.6969765625 0.014960937499999716 0.03520312499999996
1 0.033320312500000074 0.5962109375 0.0193593749999998 0.027281250000000055
