0 0.08509375000000005 0.5907890625000001 0.05082812499999996 0.027804687499999935
0 0.14895312500000008 0.5228046875000001 0.033445312499999956 0.023890624999999943
0 0.5333984375 0.4787109375 0.06038281249999997 0.028671875000000034
1 0.6826171875 0.429625 0.02171875000000014 0.02432812500000008
1 0.710421875 0.4652421875 0.013898437499999972 0.019984374999999943
1 0.7592890625000001 0.56603125 0.0212890625 0.026062499999999923
0 0.7920859375 0.5165078125 0.01911718750000002 0.03822656250000005
0 0.8744062499999998 0.695046875 0.026500000000000058 0.06516406250000006
1 0.80859375 0.795828125 0.008687499999999914 0.03561718749999994
1 0.70390625 0.7769296875 0.013898437499999972 0.01607031249999995
1 0.8331406250000001 0.889875 0.012601562500000085 0.043007812500000145
0 0.62071875 0.9341875 0.030843750000000014 0.08036718749999991
0 0.6732812499999999 0.957859375 0.024757812500000042 0.05821093750000017
1 0.9775781250000002 0.949390625 0.015640625000000342 0.045609375000000084
1 0.9204531249999999 0.7417421875 0.010859374999999716 0.032578125000000034
0 0.9767109375 0.4398359375 0.020851562499999688 0.03692187499999999
