0 0.07440624999999983 0.695046875 0.026500000000000058 0.06516406250000006
1 0.00859375 0.795828125 0.008687499999999914 0.03561718749999994
1 0.033140625000000055 0.889875 0.012601562500000085 0.043007812500000145
1 0.17757812500000014 0.949390625 0.015640625000000342 0.045609375000000084
1 0.12045312499999987 0.7417421875 0.010859374999999716 0.032578125000000034
0 0.26271875000000017 0.523671875 0.019984374999999943 0.05082812499999996
0 0.17671093750000005 0.4398359375 0.020851562499999688 0.03692187499999999
1 0.3747968749999998 0.5658125 0.019117187500000198 0.023890624999999943
1 0.26055468750000016 0.656921875 0.0189218750000002 0.019359374999999977
0 0.47264062500000004 0.9193906249999999 0.0189218750000002 0.060281249999999884
0 0.35801562500000017 0.804328125 0.01407812500000034 0.06952343749999992
0 0.5664765625000001 0.5936328125 0.06980468750000028 0.023085937499999966
0 0.9188124999999999 0.6645390625 0.034624999999999774 0.025281249999999922
0 0.8602734375000001 0.55928125 0.028585937500000113 0.01703906249999996
