0 0.058578125000000016 0.4997890625 0.017640624999999945 0.04623437500000005
0 0.024257812500000142 0.4943046875 0.021453125000000028 0.05720312500000002
0 0.0197265625 0.6480312500000001 0.01715625000000003 0.03384374999999995
1 0.03307031249999994 0.740984375 0.015250000000000341 0.027171874999999977
0 0.07025781249999988 0.761484375 0.01715625000000003 0.04718750000000007
1 0.09734374999999992 0.9195703125 0.016515625000000256 0.02753124999999983
1 0.21504687500000016 0.86209375 0.011015625000000284 0.029593750000000085
0 0.3275859375 0.976302734375 0.019960937500000143 0.04739453124999997
0 0.3372187499999999 0.8146015625 0.026843749999999743 0.03510156249999996
0 0.15068750000000009 0.766765625 0.028218749999999914 0.08259374999999994
1 0.42222656249999985 0.7626328124999999 0.017898437499999885 0.027531250000000007
1 0.2838750000000001 0.6721250000000001 0.015140625000000085 0.028218749999999914
1 0.21332812499999995 0.5017734375 0.02271093749999977 0.027531250000000007
1 0.1579140625000001 0.42296093749999997 0.019273437500000056 0.02546874999999993
0 0.5388906250000002 0.4525546875 0.025468750000000283 0.024093749999999935
0 0.4211953125000001 0.49213281249999996 0.028218749999999914 0.02202343750000004
0 0.6094453125000001 0.5530468749999999 0.05782031250000017 0.05437499999999993
0 0.45492187500000014 0.35275 0.030976562499999714 0.029593749999999995
0 0.647296875 0.6260078124999999 0.020648437500000227 0.02271093749999995
0 0.8025078125 0.630484375 0.026843749999999743 0.03441406249999997
0 0.9071328125000001 0.5988203125 0.029593750000000085 0.03303906249999997
0 0.7088984374999999 0.5145 0.02133593750000031 0.03510156250000005
0 0.7825468749999999 0.5131249999999999 0.028218749999999914 0.02546874999999993
0 0.9171093750000001 0.7361328125 0.035789062500000315 0.02271093749999995
