0 0.17696874999999998 0.8189296875000001 0.019789062499999944 0.057499999999999926
1 0.3071171875000001 0.7434921875 0.014218749999999858 0.03029687499999998
1 0.08793749999999996 0.681046875 0.023492187499999772 0.03029687499999998
1 0.020539062499999972 0.5159609374999999 0.013601562499999886 0.024117187499999915
1 0.22488281249999992 0.42507812500000003 0.012984374999999914 0.016695312499999913
0 0.22488281249999992 0.36633593750000004 0.062445312500000225 0.02287499999999998
0 0.3389609374999999 0.355828125 0.05317187500000031 0.03524218750000001
0 0.5334140625 0.74009375 0.02906249999999986 0.024734375000000065
0 0.3992421875000002 0.597890625 0.041421875000000344 0.02349218749999995
0 0.4227421875000001 0.551828125 0.04884375000000034 0.027820312499999923
0 0.5318671875 0.571609375 0.03709374999999966 0.029062500000000036
0 0.6876796875 0.7775000000000001 0.03957031249999972 0.03276562500000004
0 0.5247578125000001 0.48474218750000003 0.021640624999999858 0.017312500000000064
0 0.6617109374999999 0.5054531250000001 0.03833593749999977 0.03895312499999992
0 0.8737812500000001 0.8702421875 0.028437499999999716 0.03400781250000016
0 0.9275781250000001 0.8996171875 0.017312499999999887 0.022257812499999828
0 0.8063906249999999 0.6986718749999999 0.035859374999999714 0.03957031250000007
0 0.8904765625 0.649203125 0.044515624999999656 0.048226562500000014
0 0.9513750000000002 0.7085625 0.020406249999999914 0.029679687500000006
