0 0.08903906250000002 0.5312187500000001 0.04353906250000002 0.026640624999999928
1 0.19353906250000003 0.633671875 0.019976562500000128 0.018445312499999922
0 0.4263671875 0.3703671875 0.05020312500000017 0.020492187500000016
1 0.5546953125 0.31709375 0.01895312500000017 0.01946874999999997
0 0.32611718750000007 0.48075 0.043703125000000044 0.016312500000000084
1 0.504140625 0.7007265625 0.016312500000000084 0.02622656249999995
1 0.6128203125 0.9702421875 0.0157343749999999 0.031468750000000156
1 0.7660781249999999 0.9151718750000001 0.013406249999999887 0.02971874999999997
0 0.6002890624999999 0.8271796874999999 0.017484375000000087 0.06002343749999994
0 0.7861796875 0.7828906250000001 0.0198125000000001 0.053031249999999905
0 0.5778593750000001 0.5870937500000001 0.023890624999999943 0.06002343749999994
0 0.9769687499999999 0.8189296875000001 0.019789062499999944 0.057499999999999926
1 0.8879374999999999 0.681046875 0.023492187499999772 0.03029687499999998
1 0.8205390625 0.5159609374999999 0.013601562499999886 0.024117187499999915
