0 0.010675781249999971 0.603328125 0.021351562499999942 0.06699999999999999
0 0.24200000000000016 0.9467734374999999 0.018039062500000112 0.03694531249999997
0 0.07489843749999991 0.9828378906249998 0.022335937500000114 0.034324218750000135
0 0.2557656250000001 0.5746875 0.026234374999999942 0.058351562500000044
0 0.4145 0.3787578125 0.04710937500000014 0.01980468750000002
0 0.6018671874999999 0.45289843750000003 0.04282812499999977 0.020343749999999973
0 0.82725 0.3835703125 0.0513906249999998 0.02302343750000002
0 0.8639140624999999 0.48502343750000004 0.042289062500000085 0.024624999999999987
1 0.9476953125000002 0.4732421875 0.018203125000000143 0.012851562500000035
1 0.8831875 0.5503359375 0.013382812500000086 0.010703125000000036
