0 0.08909374999999997 0.6640703125 0.033890625000000084 0.02140625000000007
0 0.42974218749999993 0.625421875 0.04696874999999991 0.02496875000000003
0 0.250796875 0.5166328124999999 0.02674999999999983 0.017835937499999944
1 0.34948437499999996 0.538921875 0.02437499999999986 0.020804687500000085
0 0.6156640624999999 0.3555234375 0.024703124999999916 0.060148437500000006
0 0.6441250000000001 0.455953125 0.022554687499999913 0.04081250000000001
0 0.58478125 0.6702343749999999 0.02416406249999987 0.05800000000000001
0 0.6465937500000001 0.9390625 0.02082031250000007 0.047890625000000145
0 0.8628828124999999 0.9143359375 0.023421874999999658 0.06714843749999985
0 0.8909921874999999 0.703515625 0.024468749999999772 0.08068749999999998
0 0.8959375000000002 0.43465625 0.023945312499999715 0.05101562499999997
