0 0.01837695312500003 0.6462734375 0.03675390625000006 0.020265625000000044
0 0.09600000000000009 0.543890625 0.06860156249999996 0.03482031249999995
0 0.17785937500000007 0.69590625 0.045218750000000085 0.022867187499999986
0 0.38789843749999997 0.411125 0.06657031250000003 0.03049218749999998
0 0.3861171875 0.544015625 0.05691406249999993 0.024898437499999915
0 0.3406328125 0.6939375 0.044210937500000116 0.02388281249999995
1 0.44125781249999996 0.6387968749999999 0.01880468750000013 0.020328124999999985
0 0.6120078124999999 0.519625 0.03404687499999994 0.07876562499999995
1 0.7355390625 0.563734375 0.02614062500000003 0.03427343749999991
0 0.653546875 0.6863515624999998 0.034109374999999886 0.05971875000000004
0 0.5502343749999999 0.82890625 0.03427343749999991 0.06389843749999997
0 0.6437578125 0.98037890625 0.028460937499999873 0.03924218750000001
0 0.8267187499999998 0.9400078125 0.026250000000000284 0.07260937500000005
1 0.895703125 0.8805234375 0.018992187500000313 0.040773437500000044
0 0.9275390625 0.76490625 0.025695312500000254 0.06423437500000002
0 0.8875859375000001 0.401625 0.030437500000000027 0.057242187499999986
0 0.842609375 0.6449140625 0.03225781249999997 0.03225781249999997
0 0.9700292968750001 0.6349140624999999 0.059941406249999926 0.025898437500000072
