0 0.026718749999999857 0.9400078125 0.026250000000000284 0.07260937500000005
1 0.095703125 0.8805234375 0.018992187500000313 0.040773437500000044
0 0.1275390625 0.76490625 0.025695312500000254 0.06423437500000002
0 0.2786249999999999 0.3823125 0.029984375000000084 0.07678124999999998
0 0.0875859375000001 0.401625 0.030437500000000027 0.057242187499999986
1 0.2534140624999999 0.5336015625 0.023171874999999887 0.041343750000000054
0 0.04260937499999997 0.6449140625 0.03225781249999997 0.03225781249999997
0 0.17095312500000012 0.6349140624999999 0.061789062500000116 0.025898437500000072
0 0.25762500000000016 0.8670859375 0.02223437500000003 0.06201562500000009
1 0.37435156250000007 0.9039453125 0.021648437500000027 0.03276562500000004
0 0.49458593750000013 0.8053593749999999 0.024570312499999858 0.050898437500000074
0 0.3415859375 0.7000468749999998 0.034523437499999685 0.05792187500000008
1 0.4275937500000001 0.609359375 0.02282031250000003 0.028671875000000034
0 0.6197890625 0.4589921875 0.058507812500000256 0.031007812500000044
0 0.7081406250000001 0.5248125 0.038617187500000226 0.030421875000000043
0 0.9437578125000001 0.6326875000000001 0.06006250000000009 0.040046874999999996
0 0.7585546874999999 0.591140625 0.04805468750000017 0.035039062499999926
