0 0.19015625000000008 0.6920078125 0.037453125000000045 0.02496875000000003
0 0.048070312499999976 0.5303046874999999 0.050531249999999875 0.038046875000000036
0 0.17856249999999996 0.5680546875 0.0332890625000001 0.01961718749999992
0 0.3364062499999999 0.49850000000000005 0.04934374999999989 0.025562500000000023
0 0.48384374999999996 0.49850000000000005 0.04934374999999989 0.027945312499999986
0 0.66784375 0.3477890625 0.06539843750000003 0.02734375
1 0.6250390625 0.28863281250000006 0.02496875000000003 0.024375000000000036
0 0.5421093750000001 0.3611640625 0.017242187500000127 0.01961718750000001
0 0.6081015624999999 0.41080468750000004 0.03626562500000006 0.011890625000000021
0 0.6009609375 0.7651328125 0.017242187500000127 0.060640625000000094
0 0.7275937499999999 0.5692421875 0.016054687500000143 0.07312499999999993
0 0.9401328124999999 0.46253124999999995 0.021406249999999717 0.059453124999999926
0 0.8741406250000001 0.671796875 0.019023437500000285 0.055882812499999976
0 0.9668828125000001 0.5903515625 0.015460937499999971 0.03091406249999995
0 0.691921875 0.6554453125 0.02318749999999987 0.02318750000000005
0 0.6737890625 0.9000859374999999 0.015460937499999971 0.022593750000000058
0 0.79775 0.9711484374999999 0.021999999999999888 0.0577031250000001
0 0.9548046875 0.3531328125 0.03219531250000003 0.045500000000000006
