0 0.14013281249999993 0.46253124999999995 0.021406249999999717 0.059453124999999926
0 0.07414062500000007 0.671796875 0.019023437500000285 0.055882812499999976
0 0.1668828125000001 0.5903515625 0.015460937499999971 0.03091406249999995
0 0.36409375 0.8921015625000001 0.030796875000000057 0.07349218750000013
0 0.20380468749999991 0.8574531249999999 0.02379687500000003 0.05599999999999987
0 0.25560156250000005 0.55821875 0.02379687500000003 0.08609375000000004
0 0.35709374999999993 0.4322265625 0.0251953125 0.06929687500000004
0 0.25385156249999985 0.31917968750000003 0.03149999999999977 0.05599999999999996
0 0.15480468750000007 0.3531328125 0.03219531250000003 0.045500000000000006
0 0.45403906250000003 0.371328125 0.06929687499999986 0.030101562499999977
0 0.4375937499999999 0.6338125 0.028000000000000115 0.060898437500000034
0 0.5847578124999998 0.7193906250000001 0.025421874999999972 0.07875781249999995
0 0.7827890624999998 0.596328125 0.02325000000000017 0.020210937499999915
0 0.66325 0.45459375 0.046070312500000196 0.028078125000000044
0 0.9252734374999999 0.5093046875 0.050390625 0.030953124999999915
0 0.9874726562499999 0.6521953125 0.025054687500000127 0.021593750000000078
