0 0.22623437499999993 0.43244531249999996 0.031976562499999875 0.023257812499999985
0 0.29818750000000005 0.5963359374999999 0.03052343750000013 0.019624999999999913
0 0.74553125 0.3067109375 0.025437499999999957 0.05523437499999995
0 0.609984375 0.41536718749999996 0.020351562500000142 0.045789062499999963
0 0.48860937500000007 0.605421875 0.024710937500000085 0.05378124999999993
1 0.6543203125 0.6243203125 0.023257812499999985 0.03633593749999999
1 0.5096875000000001 0.7558671875 0.014539062500000099 0.024710937500000085
0 0.8934374999999999 0.43062500000000004 0.020351562500000142 0.04724218750000002
0 0.8323828124999999 0.623953125 0.018898437499999688 0.06032031250000003
0 0.9305 0.8848750000000001 0.056687500000000314 0.023984374999999857
0 0.9312265624999998 0.9430156249999999 0.04360937499999977 0.0327031250000001
0 0.9939609375 0.695546875 0.012078125000000028 0.06396093749999991
