0 0.09343749999999992 0.43062500000000004 0.020351562500000142 0.04724218750000002
0 0.03238281249999986 0.623953125 0.018898437499999688 0.06032031250000003
0 0.13049999999999998 0.8848750000000001 0.056687500000000314 0.023984374999999857
0 0.13122656249999984 0.9430156249999999 0.04360937499999977 0.0327031250000001
0 0.32346874999999997 0.8383593749999999 0.016718749999999716 0.050148437500000045
1 0.3768828124999999 0.7783984375 0.011625000000000085 0.03052343749999995
0 0.19918750000000002 0.695546875 0.022531250000000114 0.06396093749999991
1 0.3005703125 0.6003359374999999 0.0159921875000002 0.020351562499999965
0 0.48227343749999996 0.6679296875 0.018898437499999688 0.0755859375
0 0.48553906249999984 0.4796875 0.023984374999999857 0.023257812499999985
0 0.5981953125 0.54509375 0.04869531249999994 0.023257812499999985
0 0.7519140624999998 0.40228125 0.04360937499999977 0.023984375000000037
0 0.7609999999999999 0.589796875 0.02107812499999966 0.019624999999999913
0 0.8961796875000001 0.5589062499999999 0.0443359375 0.027617187499999928
