0 0.028929687499999978 0.6059609375 0.057859374999999956 0.05691406249999993
0 0.26215625 0.43893750000000004 0.05430468750000017 0.027945312499999986
1 0.6030234374999999 0.48824218750000004 0.016874999999999928 0.04112500000000008
0 0.6757890625 0.44526562500000005 0.027414062500000114 0.05852343750000007
1 0.487296875 0.3638046875 0.016343750000000056 0.023203125000000036
1 0.515765625 0.5465 0.014234374999999844 0.028999999999999915
0 0.5123359375 0.687015625 0.024249999999999973 0.07592187500000006
1 0.47279687500000006 0.7618828125 0.01160156249999993 0.03796093749999994
1 0.5561015625 0.6920234375 0.012656249999999859 0.021617187500000058
1 0.6581250000000001 0.746328125 0.012124999999999986 0.028999999999999915
1 0.7287812499999999 0.5372734375 0.016343750000000056 0.030578125000000077
1 0.6431015625000001 0.620578125 0.01160156249999993 0.02952343749999997
0 0.5734999999999999 0.8818359375 0.02109375 0.07750781250000002
1 0.6235937500000001 0.9087265625000001 0.01160156249999993 0.021617187500000058
0 0.8611171875 0.8617968749999999 0.021617187500000058 0.0606328125000001
0 0.7380078125 0.6738359375 0.027414062500000114 0.08330468750000009
1 0.8036484375 0.6176796875 0.016343750000000056 0.026890625000000057
1 0.76990625 0.34878125 0.014234374999999844 0.017398437499999985
1 0.8044374999999999 0.4711015625 0.0158203125 0.022671874999999987
0 0.8608515625 0.4421015625 0.02109375 0.05641406250000003
1 0.9146328125000001 0.2955234375 0.020039062499999715 0.021617187499999968
1 0.9022421875 0.527515625 0.015289062499999773 0.023726562499999916
0 0.987109375 0.6635546875 0.02578125 0.06907031250000006
