0 0.06111718750000002 0.8617968749999999 0.021617187500000058 0.0606328125000001
1 0.005910156250000043 0.6176796875 0.011820312500000086 0.026890625000000057
1 0.006173828124999936 0.4711015625 0.012347656249999872 0.022671874999999987
0 0.0608515624999999 0.4421015625 0.02109375 0.05641406250000003
1 0.11463281250000001 0.2955234375 0.020039062499999715 0.021617187499999968
1 0.31604687499999995 0.4025625 0.0158203125 0.015289062499999995
0 0.2986484375 0.4703125000000001 0.07381249999999966 0.02530468750000008
1 0.10224218749999991 0.527515625 0.015289062499999773 0.023726562499999916
0 0.1873984374999999 0.6635546875 0.02635937499999983 0.06907031250000006
0 0.6026093750000001 0.5638984375 0.032164062500000055 0.022671874999999987
1 0.7655312500000001 0.41574218749999997 0.031109374999999773 0.022671874999999987
0 0.7874140624999999 0.49720312499999997 0.07486718749999995 0.028468750000000043
1 0.8311718750000001 0.548875 0.02635937499999983 0.02214843749999993
1 0.994677734375 0.5871015625 0.01064453125 0.017398437499999985
