1 0.8778906249999998 0.3246875 0.017820312500000313 0.019796875000000026
1 0.9659921874999998 0.8146875 0.017820312500000313 0.03365624999999994
0 0.8778906249999998 0.9220937499999999 0.025734374999999688 0.044546874999999986
1 0.7754296875 0.734015625 0.01682812499999997 0.02475000000000005
0 0.6665468750000001 0.5944375 0.01880468750000013 0.054445312500000044
0 0.7526640625000001 0.42318749999999994 0.01880468750000013 0.04850781249999998
0 0.4733593750000001 0.54940625 0.06337499999999992 0.026851562499999915
0 0.5088125 0.3071953125 0.028999999999999915 0.0193359375
1 0.346703125 0.5678828125 0.017359374999999844 0.01886718750000007
1 0.0814453125 0.4490234375 0.025656250000000113 0.01810937500000005
0 0.18181250000000002 0.43581250000000005 0.04528125000000003 0.024906250000000085
