0 0.8876328125 0.380125 0.04751562499999977 0.019796875000000026
0 0.7376562499999999 0.441 0.042562499999999656 0.02078906249999992
0 0.4783046875 0.3043984375 0.024750000000000227 0.08414062500000004
0 0.30110937500000007 0.37220312499999997 0.024750000000000227 0.05741406249999996
1 0.07789062499999985 0.3246875 0.017820312500000313 0.019796875000000026
1 0.21400000000000005 0.4998984375 0.020789062499999744 0.017820312499999956
1 0.5139375000000002 0.5944375 0.01682812499999997 0.014851562499999993
0 0.41346874999999983 0.649375 0.023757812499999885 0.05345312500000006
0 0.299625 0.718671875 0.023757812499999885 0.06533593749999991
0 0.5129531249999999 0.796375 0.022765625000000254 0.044546875000000076
1 0.16599218749999983 0.8146875 0.017820312500000313 0.03365624999999994
1 0.41841406250000013 0.94040625 0.017820312500000313 0.02969531250000017
0 0.07789062499999985 0.9220937499999999 0.025734374999999688 0.044546874999999986
