0 0.175390625 0.48892968750000004 0.019515624999999658 0.04697656250000008
1 0.09516406249999995 0.6338359375 0.022406250000000228 0.033242187499999964
0 0.29897656250000004 0.678640625 0.019515624999999658 0.07082812500000006
0 0.20646875000000015 0.7697109375 0.025296875000000087 0.05203906249999992
1 0.19996093749999985 0.7639296875 0.0166249999999998 0.02312499999999993
0 0.024703124999999916 0.80259375 0.024570312499999858 0.07010156250000002
0 0.10492187500000014 0.9835078124999999 0.01878906250000014 0.032984375000000024
0 0.38461718749999996 0.8441484375 0.01878906250000014 0.0592656250000001
0 0.36076562500000015 0.9297968750000001 0.023125000000000284 0.05998437500000016
0 0.37124999999999986 0.4632734375 0.04119531249999966 0.026015624999999966
0 0.24477343749999997 0.354140625 0.0672109374999998 0.027460937499999984
1 0.25597656250000006 0.4441171875 0.027460937499999716 0.020960937499999943
0 0.4272578124999999 0.620828125 0.03757812500000028 0.024570312500000035
0 0.5259140625000001 0.56734375 0.025296875000000087 0.020234375000000072
0 0.5667500000000001 0.5022968750000001 0.03757812500000028 0.03757812499999993
0 0.865234375 0.8029531249999999 0.033242187500000145 0.02890625
0 0.6928671874999999 0.7653749999999999 0.03685937500000023 0.024570312500000035
0 0.8717421875 0.6855078125 0.027460937499999716 0.025296875000000087
