0 0.0775390625 0.5488906250000001 0.03665625000000006 0.022984375000000057
0 0.10549999999999997 0.397921875 0.06896093749999999 0.0428671875
0 0.25335937499999994 0.3969921875 0.059023437500000143 0.02112499999999997
0 0.4496171875 0.315203125 0.036171875000000145 0.0620078125
0 0.6059296875 0.3005625 0.026695312500000058 0.0620078125
0 0.5090390625 0.50671875 0.025835937500000128 0.0609375
0 0.723484375 0.5815390625 0.027562500000000156 0.07492187500000007
0 0.266609375 0.651078125 0.028421875000000086 0.048226562500000014
0 0.5848281249999999 0.7613125000000001 0.034445312500000116 0.05856250000000003
0 0.4633984375000001 0.8965234375 0.024117187499999915 0.06889843750000005
0 0.7432890625 0.28678125 0.03099999999999987 0.05511718749999996
0 0.8065859374999998 0.447828125 0.030140624999999942 0.06200781249999991
0 0.9219921875000001 0.6454765625000001 0.024976562500000198 0.061148437499999986
0 0.9525625000000002 0.8642265625000001 0.053398437500000284 0.0766484375000001
0 0.7648203125 0.8952265625000001 0.025835937500000128 0.071484375
0 0.9642792968749999 0.34446875 0.07144140625000013 0.04476562499999996
