0 0.012548828125 0.5753671875 0.02509765625 0.023140624999999915
0 0.17860156249999992 0.5714140624999999 0.038374999999999916 0.025398437499999992
0 0.16110156250000002 0.6792109375 0.028218749999999914 0.024265624999999957
0 0.24547656250000002 0.4181875 0.050226562499999974 0.025960937500000014
0 0.2037109375 0.45543750000000005 0.023140624999999915 0.014671874999999978
0 0.3631484374999999 0.5189296875 0.03273437500000007 0.015234375
0 0.30981249999999994 0.6523984375 0.02539843750000017 0.021445312500000036
0 0.4057578124999999 0.43032812500000006 0.02765625000000007 0.01974999999999998
0 0.6885 0.388 0.028781250000000112 0.050226562499999974
1 0.5668828124999999 0.5200546875 0.02144531249999986 0.02765625000000007
0 0.6478671874999999 0.6363125000000001 0.031039062500000013 0.06377343750000009
1 0.7045859374999999 0.6950078125 0.014671875000000157 0.025398437499999992
0 0.4516640625000001 0.759078125 0.01714062500000004 0.04244531249999994
1 0.7488125 0.9312421875 0.01878906250000014 0.03396875000000001
0 0.975390625 0.48892968750000004 0.019515624999999658 0.04697656250000008
1 0.8951640624999999 0.6338359375 0.022406250000000228 0.033242187499999964
1 0.9958242187499999 0.7639296875 0.008351562500000043 0.02312499999999993
0 0.8247031249999999 0.80259375 0.024570312499999858 0.07010156250000002
0 0.9049218750000001 0.9835078124999999 0.01878906250000014 0.032984375000000024
