0 0.010828124999999921 0.447828125 0.021656249999999842 0.06200781249999991
0 0.12199218750000007 0.6454765625000001 0.024976562500000198 0.061148437499999986
0 0.24342187499999995 0.7169609375 0.024976562500000198 0.07664843749999992
0 0.15256250000000016 0.8642265625000001 0.053398437500000284 0.0766484375000001
0 0.17581249999999998 0.34446875 0.0945078125000002 0.04476562499999996
0 0.20876562499999984 0.45141406249999994 0.0609375 0.03233593750000008
0 0.3928125000000001 0.44146875 0.05347656249999986 0.03482031249999995
0 0.41084375000000006 0.6105937499999999 0.0373046875 0.0373046875
0 0.7167578124999998 0.7044765625 0.03979687499999969 0.048499999999999946
0 0.7316874999999999 0.5415703125 0.0572031250000002 0.05844531249999996
0 0.9673359375 0.8474921875 0.043523437500000026 0.041039062500000154
