0 0.034242187499999945 0.55553125 0.04664062499999986 0.029335937499999964
0 0.04364062499999992 0.4099765625 0.056421874999999844 0.025578125000000007
1 0.17010156250000003 0.6116328125 0.017609374999999972 0.016874999999999928
0 0.3164999999999999 0.41130468750000004 0.02421875 0.04769531249999996
0 0.43096875000000007 0.28765625 0.03742187500000007 0.06750781249999997
1 0.5623203125 0.3907578125 0.015406249999999844 0.01687500000000002
1 0.40932031250000006 0.45679687500000005 0.023484374999999957 0.016874999999999928
0 0.33304687499999996 0.6318125 0.01910937500000003 0.05493749999999995
1 0.32548437499999994 0.7440859375 0.019906250000000014 0.026273437500000087
0 0.47676562499999997 0.52471875 0.021499999999999984 0.03981250000000003
0 0.597796875 0.5844375 0.019906250000000014 0.05573437499999993
0 0.4210312500000001 0.7683671875 0.019906250000000014 0.03981250000000003
0 0.7180312499999999 0.6843671875 0.019906250000000014 0.05493749999999995
0 0.8426406249999999 0.5796640625 0.020703125 0.04777343750000007
0 0.5751015625000001 0.8348515624999999 0.020703125 0.032648437499999974
0 0.31712500000000005 0.889796875 0.022296874999999973 0.04220312499999999
0 0.8517968750000001 0.39214843750000006 0.016718749999999716 0.05335156250000002
0 0.9326171875 0.3348203125 0.020703125 0.06131250000000001
1 0.9799921875 0.559359375 0.016718749999999716 0.026273437500000087
0 0.9640625 0.753640625 0.01990624999999966 0.04857031250000006
