0 0.042640624999999946 0.5796640625 0.020703125 0.04777343750000007
0 0.051796875000000145 0.39214843750000006 0.016718749999999716 0.05335156250000002
0 0.1326171875 0.3348203125 0.020703125 0.06131250000000001
0 0.2305546875000001 0.45903124999999995 0.017515625000000055 0.03582812499999992
1 0.2508515625000001 0.2826640625 0.01990624999999966 0.031851562499999986
1 0.1799921874999999 0.559359375 0.016718749999999716 0.026273437500000087
0 0.1640625 0.753640625 0.01990624999999966 0.04857031250000006
0 0.2827031250000001 0.820921875 0.01990624999999966 0.04777343750000007
0 0.3833828125 0.4677421875 0.058171875000000026 0.03301562499999999
0 0.5425703124999999 0.446125 0.043234375000000116 0.02594531250000003
0 0.7375234375000002 0.62771875 0.0275156250000002 0.024367187500000043
0 0.42543749999999997 0.57465625 0.041664062499999946 0.03458593749999998
0 0.6915390625000001 0.43118749999999995 0.03930468750000031 0.027515625000000023
0 0.9430937499999998 0.5487109375 0.03773437500000014 0.01886718750000007
