1 0.014398437499999871 0.7871796875 0.013203124999999715 0.025523437500000058
1 0.1877656250000001 0.78278125 0.016718749999999716 0.029039062500000056
1 0.04299999999999997 0.4800546875 0.015843749999999802 0.01671875000000007
1 0.14420312499999993 0.3489296875 0.015843749999999802 0.020242187499999974
1 0.15167968750000008 0.990171875 0.021999999999999888 0.019656250000000063
1 0.4830078125 0.93590625 0.02288281249999997 0.027281250000000055
1 0.28456249999999983 0.9117031250000001 0.016718749999999716 0.031679687500000143
1 0.3809296875000001 0.79421875 0.0176015624999998 0.025523437499999968
0 0.17764062500000008 0.577734375 0.10735937500000006 0.037843750000000044
0 0.19832031249999993 0.61909375 0.029039062500000056 0.041359375000000045
1 0.51996875 0.44089062500000004 0.015843749999999802 0.02464062499999997
1 0.4464921875000002 0.3731328125 0.016718749999999716 0.026398437499999972
1 0.3276875 0.492375 0.018476562499999717 0.020242187500000064
0 0.4143671874999999 0.6226171875000001 0.0211171874999998 0.04839843750000004
1 0.9617968749999999 0.512875 0.023828125 0.024867187499999943
1 0.9799296875 0.5828125 0.02693749999999966 0.021757812499999928
0 0.7747734375 0.439828125 0.035226562500000114 0.021757812499999928
0 0.8711328125000002 0.5294531250000001 0.045585937500000284 0.031085937499999973
