0 0.015357421875000022 0.689546875 0.030714843750000043 0.023593750000000035
0 0.04983593749999997 0.554484375 0.04475000000000016 0.03173437499999991
0 0.23696874999999995 0.4121015625 0.03335937499999986 0.030101562499999977
0 0.27399218750000004 0.49875781249999995 0.058578125000000016 0.03091406249999995
0 0.6226328125 0.303078125 0.023593749999999858 0.03335937500000004
0 0.5925234375 0.416578125 0.04475000000000016 0.07810937500000001
0 0.5091484375 0.8833750000000002 0.02564062500000013 0.07074218750000014
0 0.7005859375 0.835625 0.021218749999999887 0.07250781249999996
0 0.5568984374999999 0.6335703125000001 0.027414062500000114 0.07339062500000004
0 0.7063359374999999 0.5080078125 0.03271875000000009 0.06808593750000007
0 0.869921875 0.6764609375 0.023875000000000313 0.06013281250000002
