1 0.6700781250000001 0.9271015625000001 0.020242187499999887 0.030796875000000057
1 0.7673203125000001 0.7115 0.021117187500000155 0.023757812500000065
1 0.8143984374999998 0.7871796875 0.013203124999999715 0.025523437500000058
1 0.9877656250000001 0.78278125 0.016718749999999716 0.029039062500000056
0 0.7211171875 0.446609375 0.020242187499999887 0.08184374999999999
1 0.843 0.4800546875 0.015843749999999802 0.01671875000000007
1 0.9442031249999999 0.3489296875 0.015843749999999802 0.020242187499999974
0 0.020210937500000005 0.5539765625 0.04042187500000001 0.03432031250000005
1 0.08530468750000005 0.4532109375 0.02288281249999997 0.019359374999999977
1 0.16362500000000005 0.5038125 0.021117187500000155 0.020242187500000064
0 0.08617968749999996 0.3709296875 0.05103906249999994 0.02728124999999997
0 0.30046874999999995 0.4646484375 0.0765625 0.021117187499999978
0 0.35546875 0.364328125 0.021117187500000155 0.01760156249999998
0 0.5112343750000001 0.3357265625 0.0879999999999999 0.02903906249999997
1 0.9516796875000001 0.990171875 0.021999999999999888 0.019656250000000063
0 0.96198046875 0.577734375 0.07603906249999995 0.037843750000000044
0 0.9919003906249999 0.61909375 0.016199218750000098 0.041359375000000045
