1 0.007171874999999872 0.3355 0.012789062499999915 0.013539062500000032
1 0.05682031250000001 0.2749453125 0.012789062499999915 0.012789062500000004
1 0.19222656250000014 0.2535078125 0.0157968750000002 0.01955468749999998
0 0.20124999999999993 0.40395312499999997 0.017304687499999714 0.03310156249999996
0 0.008662109374999893 0.5149140625 0.017324218749999787 0.029335937499999964
1 0.14896874999999987 0.8707265625 0.0195546874999998 0.015796874999999842
1 0.04328125000000007 0.7311796875 0.0157968750000002 0.022570312500000078
1 0.26519531249999984 0.16963281249999998 0.017304687499999714 0.024820312499999986
1 0.4588984374999999 0.293375 0.013539062499999944 0.01805468750000001
1 0.31935156249999996 0.33475 0.009781250000000342 0.01805468750000001
1 0.5318671875 0.36634375 0.0195546874999998 0.01654687499999996
0 0.22006249999999988 0.8425156250000001 0.021812500000000058 0.05265625000000007
0 0.6137499999999999 0.23204687499999999 0.0380859375 0.02125781250000003
0 0.6983281250000001 0.3378828125 0.04605468749999986 0.018601562499999957
0 0.9237343750000001 0.2727890625 0.043398437500000143 0.019484375000000043
1 0.6676015625000001 0.3883671875 0.01892968749999966 0.012375000000000025
1 0.7797031249999999 0.2930078125 0.021835937499999857 0.01674218749999996
0 0.8641484375000001 0.375265625 0.05386718749999986 0.019656249999999976
