0 0.11704687499999995 0.609 0.050539062500000044 0.021718749999999964
0 0.01889062500000005 0.6244531249999999 0.03132812499999993 0.016710937500000078
1 0.07193749999999995 0.5231640625 0.037171874999999945 0.017125000000000057
0 0.007042968749999989 0.46322656249999994 0.014085937499999979 0.014203125000000049
0 0.33864062500000003 0.3801015625 0.07518749999999982 0.030906249999999958
0 0.47417968750000006 0.9135 0.02046874999999986 0.06682812499999997
1 0.5878359375000001 0.9436328125 0.013250000000000029 0.019679687500000043
1 0.7394453125 0.8880078125 0.009640625000000114 0.02891406250000017
0 0.7935390625 0.9040625 0.025117187499999895 0.08177343750000006
0 0.9365078125 0.9227734375000001 0.019242187500000084 0.04008593749999996
0 0.8322890624999999 0.6344218749999999 0.019242187500000084 0.05131250000000005
0 0.79540625 0.36478125 0.01068750000000005 0.03046875
0 0.6481640625 0.6515234375000001 0.020843749999999873 0.053445312500000064
