1 0.4769375 0.3136875 0.033851562499999946 0.01805468750000001
0 0.2256875000000001 0.2798359375 0.06544531249999999 0.02106250000000003
0 0.40434374999999995 0.39379687499999994 0.04513281249999999 0.02632812499999999
1 0.28210937499999994 0.45134375000000004 0.017304687500000072 0.015046874999999993
0 0.7349609375 0.2591484375 0.021812500000000058 0.04137500000000003
1 0.6435625 0.3005234375 0.0180546875000001 0.03535937499999999
1 0.8071718749999999 0.3355 0.012789062499999915 0.013539062500000032
1 0.8568203125 0.2749453125 0.012789062499999915 0.012789062500000004
1 0.9921640625 0.2535078125 0.015671874999999957 0.01955468749999998
0 0.8079218749999999 0.5149140625 0.01880468749999995 0.029335937499999964
1 0.6913281250000001 0.5623046875 0.012789062499999915 0.024820312499999986
0 0.7157734375 0.68115625 0.0225703124999999 0.05340624999999992
1 0.7778359375000001 0.9301484375000001 0.015796874999999842 0.02933593750000014
1 0.65371875 0.8282187499999999 0.009781249999999986 0.019554687500000157
0 0.7255546875000001 0.80565625 0.0180546875000001 0.04212500000000006
1 0.9489687499999999 0.8707265625 0.0195546874999998 0.015796874999999842
1 0.8432812500000001 0.7311796875 0.0157968750000002 0.022570312500000078
