0 0.9736640624999999 0.7098749999999999 0.04346875000000026 0.036781249999999946
1 0.9505859375 0.5975234375 0.021398437500000256 0.01671875000000007
0 0.7431875000000001 0.6267421875 0.0283437499999998 0.023617187500000015
0 0.60353125 0.3239921875 0.061179687500000315 0.04728124999999998
1 0.39356250000000015 0.371734375 0.019468750000000055 0.027812500000000018
0 0.22484375000000015 0.322140625 0.021320312499999973 0.04913281249999999
0 0.10015624999999986 0.37219531250000004 0.024101562500000284 0.058406250000000035
0 0.46354687500000014 0.6618906250000001 0.025953125000000198 0.059328125000000044
0 0.16458593750000006 0.65771875 0.023171874999999887 0.04728124999999998
1 0.1307500000000001 0.8190234375 0.01483593749999983 0.032445312500000156
0 0.3657499999999999 0.8755703125000001 0.015757812500000058 0.05098437500000017
0 0.23040625000000006 0.9801992187499999 0.021320312499999973 0.03960156250000004
1 0.49507031250000005 0.9603906249999999 0.018539062499999658 0.03707812500000003
