0 0.059554687500000016 0.6751953125 0.022617187499999858 0.05039843749999999
0 0.12941406250000007 0.8698046875 0.016523437499999717 0.04859374999999986
0 0.1682890624999999 0.528203125 0.018468750000000256 0.05345312500000006
0 0.19403906249999991 0.36735937500000004 0.021382812499999914 0.05247656249999997
0 0.024937500000000057 0.44850781250000005 0.015546874999999715 0.028187499999999942
0 0.3203828125000001 0.283296875 0.021382812499999914 0.05150781250000005
0 0.24020312500000002 0.7313203125000001 0.022351562499999745 0.03984375
0 0.3393281250000001 0.7901171875 0.020406249999999914 0.044703125000000024
0 0.30968750000000006 0.9956425781250001 0.019437500000000087 0.008714843749999979
0 0.30289062499999986 0.4684296875 0.023328124999999745 0.05831250000000008
0 0.43749218749999985 0.431015625 0.0456796875000002 0.026242187499999937
1 0.5128046874999999 0.55784375 0.017492187500000256 0.021382812499999914
0 0.36460156250000003 0.504875 0.04178906249999983 0.028187499999999942
0 0.6342890625 0.44607812499999994 0.015546874999999715 0.023328124999999922
0 0.8563593749999999 0.5447265625 0.03207031250000014 0.03207031249999996
0 0.895234375 0.6438515625 0.026242187500000114 0.030124999999999957
0 0.7363359375000001 0.6535703125000001 0.029156249999999773 0.030124999999999957
0 0.9554843749999999 0.7405546875 0.03401562499999997 0.03692968749999999
