0 0.9001562499999999 0.37219531250000004 0.024101562500000284 0.058406250000000035
0 0.7833515625 0.493171875 0.025953124999999844 0.06489062499999995
0 0.9645859375000001 0.65771875 0.023171874999999887 0.04728124999999998
1 0.9307500000000001 0.8190234375 0.01483593749999983 0.032445312500000156
0 0.581265625 0.9931777343749999 0.027812499999999928 0.013644531249999935
1 0.7101171875000001 0.9233125 0.012976562500000099 0.025953124999999844
0 0.6317812500000001 0.7833359375 0.01761718750000014 0.048203125000000034
1 0.5363046875 0.5455546874999999 0.021320312499999973 0.02873437499999998
0 0.572453125 0.48344531249999995 0.026882812499999888 0.060257812500000084
0 0.4931953125 0.3184296875 0.027812499999999928 0.060257812499999994
0 0.17198437500000008 0.6285234375 0.0491328124999999 0.029664062500000022
1 0.16410156249999996 0.3675625 0.025953124999999844 0.023171874999999974
0 0.2739531250000001 0.44079687500000003 0.05469531250000017 0.03615624999999998
0 0.00835546874999995 0.5293281249999999 0.0167109374999999 0.022250000000000013
1 0.019023437499999928 0.6516953125 0.01761718750000014 0.01668749999999992
