0 0.048609375000000024 0.6179453125000001 0.030296875000000157 0.018289062500000064
0 0.26954687499999996 0.41215624999999995 0.041156249999999873 0.017148437500000037
0 0.32414062500000007 0.39671875 0.0200078125000001 0.041156249999999964
0 0.34271875000000007 0.2712421875 0.020578125000000114 0.06002343750000003
0 0.4951484375 0.2836484375 0.017445312499999942 0.0555625
0 0.4570234375 0.4303125 0.017445312499999942 0.03747656250000002
0 0.4004921875000001 0.3295234375 0.010335937500000014 0.023257812499999985
0 0.5487734375000001 0.5068828124999999 0.018734375000000015 0.034242187499999945
0 0.41502343750000004 0.8247734375 0.018734375000000015 0.04200000000000017
0 0.6805859375000001 0.7759921875000002 0.018734375000000015 0.049101562500000015
0 0.8595546875 0.6751953125 0.022617187499999858 0.05039843749999999
1 0.760375 0.5495234375 0.016796875 0.02778124999999996
0 0.7513359375 0.3321015625 0.016796875 0.02971874999999997
0 0.61453125 0.62246875 0.010687499999999872 0.020406249999999914
0 0.45417187499999995 0.5311171875 0.010687499999999872 0.01846875000000008
0 0.5401875 0.7692187500000001 0.015546875000000071 0.03207031249999996
0 0.9294140625 0.8698046875 0.016523437499999717 0.04859374999999986
0 0.9682890624999999 0.528203125 0.018468750000000256 0.05345312500000006
0 0.9916738281249999 0.36735937500000004 0.01665234375000004 0.05247656249999997
0 0.8249375000000001 0.44850781250000005 0.015546874999999715 0.028187499999999942
