0 0.07242187500000004 0.5935859375 0.018687500000000058 0.023609375000000023
0 0.12553906250000005 0.52178125 0.022625000000000027 0.018687500000000058
0 0.13832812499999997 0.63809375 0.06491406250000012 0.0408203125
0 0.38138281250000006 0.4063359375 0.07023437500000007 0.03678906249999998
0 0.409390625 0.504578125 0.06437500000000007 0.03428125000000008
0 0.4340546874999999 0.448140625 0.04180468750000017 0.02341406250000002
1 0.8972421874999998 0.3958828125 0.0234140625000002 0.027593749999999993
0 0.8587890625 0.463609375 0.08360937500000035 0.02592187500000005
1 0.8270156249999999 0.5141875 0.02173437499999977 0.030101562499999977
0 0.7225078125 0.685171875 0.030101562500000158 0.07608593750000008
0 0.5887343749999999 0.95775390625 0.0284296874999999 0.08449218750000007
1 0.7070390625 0.892515625 0.017554687499999843 0.03093749999999993
1 0.758875 0.9844843750000001 0.0208984375 0.02759375000000013
0 0.8734140624999999 0.9711328125000002 0.022570312500000255 0.05773437499999989
