1 0.08599218749999996 0.6334921875000001 0.022281249999999985 0.026734375000000022
0 0.4123906249999999 0.5918984375 0.023023437499999844 0.060898437500000034
0 0.5995390625000001 0.47232812500000004 0.024507812499999913 0.05792968750000007
0 0.70796875 0.5584765625 0.020054687500000057 0.053468750000000044
1 0.46029687500000005 0.632375 0.0133671875000001 0.02302343750000002
0 0.5189609374999999 0.7378359375 0.028218749999999914 0.067578125
0 0.6147656250000001 0.8050390625 0.025250000000000127 0.047531250000000025
0 0.38008593749999997 0.8911875 0.017820312499999956 0.0638671875
1 0.5003984375 0.8403203124999999 0.016335937499999887 0.039359375000000085
1 0.7228203125 0.9127265625 0.012624999999999886 0.03119531249999987
0 0.774 0.7504062499999999 0.018070312500000085 0.06596093750000005
0 0.9497421875000001 0.7309765625 0.015359374999999887 0.04698437500000008
0 0.9009531249999998 0.4581015625000001 0.022585937499999886 0.05782812499999999
0 0.8661640625 0.6523671875 0.010843750000000086 0.025296875000000087
