0 0.5667890625 0.79715625 0.04744531250000002 0.015437499999999993
0 0.592796875 0.6551015625 0.024007812500000014 0.014859374999999985
0 0.6478046875000001 0.6811171875 0.11239843749999992 0.06460937500000004
0 0.5916171875 0.758578125 0.01967187500000005 0.01328125
0 0.6607109375 0.7076796875 0.017210937499999978 0.017703125000000063
1 0.797921875 0.7064453125 0.023117187499999935 0.017210937499999978
0 0.7868515625 0.5702265625 0.022625000000000027 0.017210937499999978
0 0.872421875 0.5935859375 0.018687500000000058 0.023609375000000023
0 0.9255390625000001 0.52178125 0.022625000000000027 0.018687500000000058
0 0.938328125 0.63809375 0.06491406250000012 0.0408203125
