1 0.1885468750000001 0.53371875 0.029164062499999942 0.03499999999999996
0 0.08975000000000008 0.815890625 0.02989062500000017 0.07728906249999996
1 0.3802734375 0.8524140625 0.032757812500000226 0.037226562500000074
1 0.3806484375 0.351015625 0.02307812499999997 0.03052343750000004
1 0.42717968749999996 0.4820390625 0.026796875000000143 0.029031250000000064
0 0.58984375 0.5810546875 0.0468984374999998 0.039453125
0 0.7759609375000001 0.5855234375 0.0439218750000002 0.04541406250000009
1 0.9752578125 0.7223046875 0.020046874999999888 0.023281249999999965
0 0.9390468750000001 0.8112109375 0.030390624999999716 0.03297656250000003
0 0.6863515625000002 0.7646171875 0.020382812500000114 0.019718750000000007
0 0.01566601562500001 0.58365625 0.03133203125000002 0.03649218750000003
