0 0.23278906250000003 0.49547656250000005 0.020656250000000043 0.020140624999999978
0 0.34820312500000006 0.60546875 0.051125000000000045 0.03046875
0 0.10059375 0.6369687500000001 0.04440625000000011 0.03149999999999995
1 0.21987500000000004 0.7144296875 0.024789062500000014 0.020140624999999978
0 0.5307421874999999 0.3444375 0.05370312499999983 0.03821093749999997
0 0.39038281250000006 0.47160156249999996 0.04832031249999993 0.02323437500000001
1 0.680328125 0.7116328125 0.020210937499999915 0.03448437500000008
0 0.7314609375 0.5068203125 0.02734375 0.06599218750000002
1 0.9869824218750001 0.53371875 0.026035156249999858 0.03499999999999996
0 0.88975 0.815890625 0.02989062500000017 0.07728906249999996
0 0.815625 0.58365625 0.03141406250000003 0.03649218750000003
0 0.795859375 0.9064687499999999 0.03530468750000004 0.04415624999999999
0 0.5574765625 0.8008359374999999 0.0294921875 0.03496875000000008
