1 0.09724218749999984 0.3958828125 0.0234140625000002 0.027593749999999993
0 0.0587890625 0.463609375 0.08360937500000035 0.02592187500000005
1 0.027015624999999942 0.5141875 0.02173437499999977 0.030101562499999977
0 0.07341406249999985 0.9711328125000002 0.022570312500000255 0.05773437499999989
0 0.31713281249999986 0.9744765624999999 0.0234140625000002 0.051046874999999936
1 0.22307812499999996 0.9857617187500001 0.015882812499999944 0.028476562499999858
0 0.2272578124999999 0.6860078125 0.03260937499999983 0.08277343750000003
0 0.5010703124999999 0.5054140625 0.08026562499999983 0.045984374999999925
0 0.8233828124999999 0.6479609375 0.11119531249999995 0.061867187500000045
0 0.7042421874999999 0.515859375 0.0301015624999998 0.02341406250000002
0 0.7259765625 0.5702109375 0.03344531250000031 0.018390624999999973
0 0.6636875 0.6517265625 0.03762499999999989 0.03595312499999999
0 0.8936171875 0.5957109375 0.02759374999999977 0.024249999999999973
0 0.98505859375 0.59278125 0.0298828125 0.035117187500000036
