0 0.006285156250000057 0.46073437500000003 0.012570312500000114 0.10238281249999996
0 0.09027343750000014 0.5624921875 0.01989062500000003 0.06046875000000007
1 0.2334843750000001 0.639671875 0.018296875000000056 0.03978125000000006
1 0.06560937500000001 0.7697499999999999 0.013523437500000313 0.027843750000000077
0 0.15432031250000017 0.8349921874999999 0.02227343750000017 0.05967187500000008
0 0.27167187499999984 0.9614921875 0.021484375 0.06126562500000006
1 0.43198437500000003 0.8151015625 0.020687499999999658 0.06762499999999996
0 0.33492187499999987 0.5899453125 0.017499999999999717 0.04216406250000002
0 0.41567187499999997 0.44435156249999996 0.02466406249999977 0.05967187500000008
1 0.5298437499999998 0.5509609375 0.017499999999999717 0.023070312499999978
0 0.6404375000000002 0.38865625000000004 0.05569531249999997 0.01989062500000003
1 0.6845937500000001 0.4332109375 0.029437500000000227 0.01511718749999993
0 0.8803125000000002 0.42684375 0.03421093749999997 0.027843750000000077
1 0.8815078125 0.6480234375 0.020687499999999658 0.023070312499999978
