0 0.25247656250000006 0.3610390625 0.03165624999999998 0.021554687500000023
0 0.36833593750000004 0.3674453125 0.0532109375000001 0.020882812500000014
0 0.18579687499999994 0.5371875 0.06129687500000003 0.02896093749999995
0 0.35317968749999995 0.640921875 0.024249999999999973 0.01953125
0 0.5811875000000001 0.3250078125 0.015492187499999944 0.02896093750000004
0 0.71759375 0.3613828125 0.017515625000000055 0.05186718749999999
0 0.8031406249999999 0.46073437500000003 0.018859375000000077 0.10238281249999996
0 0.5680546874999999 0.5206796875 0.024249999999999973 0.07139843750000008
0 0.6616875 0.6001640625 0.0188593749999999 0.06870312500000005
0 0.5514140624999999 0.684109375 0.023390625000000043 0.05846874999999994
0 0.8902734375000001 0.5624921875 0.01989062500000003 0.06046875000000007
1 0.865609375 0.7697499999999999 0.013523437500000313 0.027843750000000077
0 0.9543203125000002 0.8349921874999999 0.02227343750000017 0.05967187500000008
0 0.6523828125 0.8485156249999999 0.0278437499999999 0.0803593750000001
0 0.7967890625 0.972591796875 0.020687500000000015 0.05481640624999997
