0 0.9502656250000001 0.6626171875 0.02288281249999997 0.02379687500000003
0 0.823046875 0.6813828125 0.033859375000000115 0.024710937500000085
0 0.977265625 0.49513281249999996 0.031117187499999942 0.02379687500000003
0 0.5420781250000001 0.49604687500000005 0.01739062500000017 0.0640625
0 0.6784453124999998 0.5646953124999999 0.04484374999999972 0.020132812499999986
0 0.29908593749999995 0.5381484375000001 0.02562500000000014 0.10067187499999992
1 0.40159374999999997 0.6607890624999999 0.016476562500000114 0.038437500000000034
0 0.5146171875000001 0.7687890625 0.02288281249999997 0.05491406249999997
0 0.13709375000000001 0.4983359375 0.02562500000000014 0.06681249999999998
0 0.36360937500000007 0.8841015625 0.024710937500000085 0.08420312500000016
1 0.0565546874999999 0.628296875 0.01830468750000023 0.026539062500000023
1 0.22449218749999994 0.8786093749999999 0.01189843749999966 0.021968749999999915
