0 0.03177343750000006 0.6757421875 0.01878124999999997 0.022640625000000015
0 0.14471875 0.522484375 0.04142187499999998 0.020984374999999923
0 0.282796875 0.536015625 0.060203124999999955 0.03810937499999998
0 0.19359374999999995 0.6362578125 0.045289062499999845 0.01878124999999997
0 0.311515625 0.5962109375 0.0270624999999999 0.02485156249999996
0 0.399609375 0.41035937499999997 0.0243046875000001 0.023195312500000044
0 0.7124843750000001 0.44301562499999997 0.029507812499999987 0.09171093750000003
0 0.5972421875 0.568625 0.02711718750000003 0.06539843750000003
0 0.9302031249999999 0.58059375 0.024726562499999716 0.07337500000000005
1 0.8511875 0.684359375 0.020031250000000257 0.02885156250000005
0 0.9032812499999998 0.803359375 0.028046874999999714 0.06010156249999996
