0 0.014306640625 0.5333593750000001 0.02861328125 0.024906250000000085
0 0.16158593749999994 0.5619375 0.03296874999999986 0.021976562500000085
0 0.31617187500000005 0.5707265625 0.08278906249999984 0.027843750000000077
0 0.42565624999999996 0.894703125 0.032250000000000154 0.0571406249999999
0 0.6545 0.8768828125000001 0.021499999999999984 0.05996875000000017
0 0.5577578125 0.7758984374999999 0.020367187500000127 0.051484374999999985
0 0.5365390624999999 0.6223046874999999 0.04016406249999989 0.018101562500000057
0 0.5057109375 0.54196875 0.0248906250000001 0.054312499999999986
0 0.43414062500000006 0.47267187499999996 0.025460937500000114 0.06845312499999992
0 0.6180078124999999 0.40336718749999995 0.03337499999999984 0.06901562499999998
0 0.7353984375 0.508875 0.029421874999999886 0.06618750000000002
0 0.9130390625 0.9323281250000001 0.021500000000000342 0.056570312499999886
0 0.7820703124999999 0.6825546874999999 0.023195312500000044 0.060531250000000016
0 0.8131875000000001 0.6735078125 0.023195312499999687 0.04695312499999993
1 0.8157343749999999 0.439859375 0.030546875000000286 0.025460937499999937
