0 0.9370937500000001 0.4983359375 0.02562500000000014 0.06681249999999998
0 0.5737500000000001 0.533578125 0.031117187499999942 0.07139062500000008
1 0.569171875 0.5843671875 0.01830468749999987 0.030203125000000063
0 0.7348281249999999 0.58803125 0.02379687500000003 0.06864062499999993
1 0.8565546874999999 0.628296875 0.01830468750000023 0.026539062500000023
0 0.6208828125 0.7134140625 0.026539062499999842 0.06132031250000001
0 0.7201875 0.8662578125 0.0274531249999999 0.07962500000000006
0 0.5572734374999999 0.9608125000000001 0.02928906249999983 0.07837499999999994
1 0.27081250000000007 0.5857421875 0.020132812499999986 0.014640625000000008
0 0.18981250000000002 0.7427031249999999 0.03203125 0.02104687500000004
0 0.38246874999999997 0.46264843750000006 0.043929687500000016 0.024710937500000085
0 0.022830078125000063 0.608625 0.045660156250000125 0.01830468750000005
