1 0.7426328124999999 0.44888281250000006 0.022257812499999828 0.03091406249999995
0 0.48914062499999994 0.5054531250000001 0.02967968749999983 0.056265624999999986
1 0.5818828125 0.5740859375 0.017312499999999887 0.03029687499999998
1 0.9123281250000002 0.558359375 0.019640625000000255 0.027156249999999993
0 0.9815156250000001 0.6174296874999999 0.03148437500000014 0.03148437499999997
0 0.9186875000000001 0.44151562499999997 0.028304687499999658 0.05401562500000008
0 0.82146875 0.7187812499999999 0.03121093749999986 0.061812499999999916
0 0.7510390625 0.9525703125 0.022625000000000027 0.04324218749999993
0 0.6997265625000001 0.6131562500000001 0.02142968749999987 0.061515625000000004
0 0.35377343749999995 0.5444296875 0.04988281249999993 0.023984375000000037
0 0.06407812499999999 0.6847421875000002 0.06129687500000003 0.027828124999999915
1 0.500875 0.9730859374999999 0.020609375000000086 0.02289843749999996
0 0.481609375 0.9291953124999999 0.02632812499999986 0.05876562499999984
0 0.49076562500000004 0.6924140624999999 0.02709374999999987 0.061437500000000075
0 0.67053125 0.6622890625 0.027367187500000157 0.027742187499999994
0 0.6669218750000001 0.8481484375000001 0.021664062500000015 0.05739062500000003
0 0.6330937499999999 0.85346875 0.03990624999999994 0.05967187500000008
0 0.8810234375 0.7951171875 0.02579687500000034 0.038437499999999944
0 0.8195703125000001 0.46558593750000005 0.030773437500000257 0.01880468749999995
0 0.7442500000000001 0.5302187500000001 0.026429687499999945 0.021273437500000013
0 0.7429609375 0.63690625 0.030296875000000157 0.03867968749999999
