0 0.10497656249999991 0.41342187499999994 0.02188281250000017 0.06496875000000002
0 0.04410937500000003 0.46778906249999996 0.017781250000000172 0.04377343749999998
0 0.12275781250000009 0.6767265625000001 0.02599218750000034 0.06633593750000007
0 0.04718750000000007 0.9136953125 0.033507812500000254 0.06428906249999997
0 0.3713593750000001 0.9431015625000001 0.032140625000000256 0.08070312500000014
0 0.2263671875 0.8391484374999999 0.021203125000000256 0.06702343749999998
0 0.3361328125 0.7522968750000001 0.02325000000000017 0.058812499999999976
0 0.28655468749999996 0.5153203125 0.030773437500000257 0.054031250000000065
1 0.7724687500000001 0.525921875 0.01641406250000017 0.019148437499999994
0 0.7464765624999998 0.550546875 0.0451406249999998 0.027359374999999984
1 0.8169218749999999 0.5009609375 0.02051562500000017 0.019835937500000077
0 0.8770312499999999 0.5225703125 0.027226562500000284 0.02042187500000008
