0 0.3393750000000001 0.6106640624999999 0.07453124999999972 0.0232421875
0 0.48189062500000013 0.534109375 0.032874999999999946 0.016109374999999915
0 0.6195 0.446453125 0.04546093749999969 0.023132812499999923
1 0.5422890625000001 0.6275703125 0.018539062499999658 0.012968749999999928
0 0.8121171875000002 0.527109375 0.060867187499999885 0.03295312500000005
0 0.7792734374999999 0.6873437499999999 0.035468749999999716 0.014687499999999964
1 0.890296875 0.6322578124999999 0.013640625000000028 0.0140625
0 0.9561953124999999 0.5351171875 0.030132812499999773 0.020835937500000058
0 0.23711718750000016 0.5413125 0.028304687499999658 0.07683593749999992
1 0.11232812500000015 0.558359375 0.019640625000000255 0.027156249999999993
0 0.18151562500000012 0.6174296874999999 0.03148437500000014 0.03148437499999997
0 0.11868750000000006 0.44151562499999997 0.028304687499999658 0.05401562500000008
0 0.021468750000000016 0.7187812499999999 0.03121093749999986 0.061812499999999916
0 0.08102343750000003 0.7951171875 0.02579687500000034 0.038437499999999944
0 0.01957031250000014 0.46558593750000005 0.030773437500000257 0.01880468749999995
0 0.28541406249999995 0.88946875 0.027632812499999916 0.05797656250000003
