0 0.016917968750000068 0.5355234375 0.033835937500000135 0.02365624999999998
0 0.14392968750000001 0.48940625000000004 0.0359375 0.02536718750000002
0 0.56746875 0.345375 0.0266718749999999 0.06292187499999997
0 0.683734375 0.3884609375 0.0239374999999999 0.06292187499999997
0 0.7637499999999999 0.400765625 0.0335078124999999 0.09164062499999996
0 0.5869609375 0.4831796875 0.02325000000000017 0.05813281250000006
0 0.9049765624999999 0.41342187499999994 0.02188281250000017 0.06496875000000002
0 0.844109375 0.46778906249999996 0.017781250000000172 0.04377343749999998
0 0.9227578125000001 0.6767265625000001 0.02599218750000034 0.06633593750000007
0 0.7329765625 0.6110703125 0.0307734374999999 0.04855468750000007
0 0.618078125 0.71296875 0.0266718749999999 0.054031250000000065
0 0.8471875000000001 0.9136953125 0.033507812500000254 0.06428906249999997
