0 0.018816406249999938 0.5955546875 0.037632812499999876 0.02642187499999995
0 0.3945 0.4868359375 0.05962500000000013 0.027492187500000043
1 0.5425000000000001 0.49343750000000003 0.019992187500000112 0.0228515625
0 0.7103125 0.5314687499999999 0.025710937499999885 0.054625000000000055
0 0.560171875 0.6760703125 0.02106250000000003 0.061765624999999956
0 0.6626484375 0.797109375 0.017492187499999902 0.05320312499999993
0 0.5219687499999999 0.9049375 0.02106250000000003 0.04963281250000016
0 0.8308125000000001 0.6676796875000001 0.014640624999999829 0.03856249999999992
1 0.9138281249999999 0.5414609375 0.016421875000000342 0.026062499999999923
0 0.9935117187500001 0.8970859375 0.012976562499999744 0.05034375000000004
