0 0.02095312499999995 0.5414687500000002 0.03579687500000013 0.025218749999999977
0 0.12103125000000006 0.664328125 0.026039062499999942 0.018710937500000035
0 0.27321093750000003 0.693859375 0.044140625 0.02299218750000005
0 0.28240625 0.5214296875 0.03494531250000001 0.018390624999999973
0 0.42494531250000006 0.6878828125 0.05150000000000006 0.023914062499999923
1 0.4562109375 0.5260312500000001 0.018390624999999973 0.014710937499999943
1 0.506796875 0.41659375 0.016554687500000043 0.020234375000000072
1 0.4741484375000001 0.4202734375 0.022992187499999872 0.016554687500000043
0 0.36010937500000006 0.431765625 0.03402343750000014 0.02114843749999995
0 0.665890625 0.385328125 0.02575000000000003 0.0662109375
0 0.963390625 0.3683125 0.024828124999999802 0.04138281250000002
0 0.8912500000000001 0.9439296875000001 0.013374999999999915 0.042132812499999873
0 0.5812890625 0.9191874999999999 0.019390625000000127 0.044804687499999926
1 0.63946875 0.7733984375 0.014046875000000014 0.02073437499999997
0 0.7541640624999999 0.7958046874999999 0.01739062500000017 0.046812499999999965
0 0.5889843750000001 0.6787734375000001 0.020062499999999872 0.04279687499999998
0 0.9484296874999998 0.5319843750000001 0.024742187500000058 0.05951562500000005
1 0.8531328125000002 0.6510234374999999 0.01739062500000017 0.024742187500000058
