1 0.18022656250000005 0.39604687499999996 0.012601562500000085 0.02046874999999999
0 0.13692187500000016 0.5546953125 0.02046874999999986 0.052749999999999984
1 0.13692187500000016 0.8944453125 0.014171875000000255 0.0362187500000001
1 0.03378124999999983 0.7495703125000001 0.018898437499999688 0.023617187500000015
1 0.18337499999999984 0.746421875 0.011023437499999744 0.029921874999999966
0 0.259359375 0.49603906249999996 0.018109375000000226 0.04094531250000007
1 0.30423437500000006 0.643671875 0.016531249999999886 0.016531250000000063
1 0.44950781249999994 0.7342187499999999 0.018898437499999688 0.019687500000000035
1 0.5664296875000001 0.8944453125 0.011812499999999915 0.03307031249999994
1 0.23810156249999997 0.8184609375 0.010234375000000285 0.019687499999999858
1 0.7376718749999999 0.452140625 0.016093750000000285 0.015085937499999957
1 0.924265625 0.446109375 0.02112499999999997 0.015085937499999957
0 0.6721562500000001 0.323453125 0.04661718750000006 0.01932812500000001
0 0.744921875 0.24159375 0.03978906250000023 0.02387499999999996
