1 0.07806250000000006 0.419640625 0.012039062499999887 0.014046875000000014
1 0.2251875 0.4386953125 0.014710937499999943 0.010703125000000036
0 0.09778906250000005 0.5246328124999999 0.05951562499999987 0.03142968750000001
0 0.2838046875 0.344078125 0.02598437500000017 0.01102343750000001
0 0.37750000000000006 0.4440703124999999 0.02598437500000017 0.017320312500000056
0 0.46843749999999995 0.274 0.031492187499999956 0.018898437500000042
1 0.6739453125000001 0.41690625 0.02046874999999986 0.022835937500000014
1 0.9802265625000001 0.39604687499999996 0.012601562500000085 0.02046874999999999
1 0.6522890625000001 0.6771328125 0.013382812500000086 0.02204687500000002
0 0.9369218750000001 0.5546953125 0.02046874999999986 0.052749999999999984
1 0.65740625 0.9326328125 0.017320312500000056 0.02440624999999983
1 0.9369218750000001 0.8944453125 0.014171875000000255 0.0362187500000001
1 0.7176406249999999 0.8216093750000001 0.014960937500000071 0.019687499999999858
1 0.8337812499999998 0.7495703125000001 0.018898437499999688 0.023617187500000015
1 0.9833749999999999 0.746421875 0.011023437499999744 0.029921874999999966
