0 0.09163281249999997 0.5400703124999999 0.021164062500000115 0.061226562499999915
0 0.07197656250000009 0.9111953125 0.025703124999999716 0.0672734375000001
0 0.1948125000000001 0.7823203125000001 0.021921875000000313 0.06349218750000007
0 0.18157812500000006 0.33107031249999996 0.027210937499999942 0.046867187500000004
0 0.31764062499999995 0.3129296875 0.022679687499999802 0.05291406250000001
0 0.5448281250000001 0.36224218750000003 0.06578124999999986 0.032468750000000046
0 0.6580312500000002 0.291328125 0.03588281250000023 0.02904687499999996
0 0.5819921874999998 0.47544531250000005 0.04100781249999983 0.028195312499999937
0 0.32312499999999994 0.6053046875 0.02904687500000023 0.05211718750000003
0 0.5157812499999999 0.6659609375 0.02477343750000003 0.05382031250000008
0 0.5687656249999999 0.9084843749999999 0.04357031250000034 0.09641406249999988
0 0.38939062500000005 0.9117265625 0.027812500000000285 0.05840625000000017
0 0.6369062499999998 0.7263203125000001 0.02224999999999966 0.06396093749999991
0 0.7504453125000001 0.4535 0.046929687499999775 0.033835937499999955
0 0.8164765625000001 0.37709375 0.05675781249999971 0.042570312500000006
0 0.9234375 0.5386328125000001 0.045843750000000225 0.036015624999999926
