0 0.09076562500000004 0.70653125 0.05216406249999998 0.03811718749999997
0 0.461921875 0.43234374999999997 0.07222656249999986 0.040796875000000024
1 0.4194531250000001 0.577125 0.02742187499999993 0.028085937500000036
0 0.3231562500000001 0.7038515624999999 0.02875781249999996 0.01671875000000007
0 0.41510937499999995 0.691484375 0.0401250000000001 0.02006250000000005
0 0.8916328124999999 0.5400703124999999 0.021164062500000115 0.061226562499999915
0 0.6225468749999999 0.43764843750000004 0.05593749999999993 0.02418750000000003
0 0.630484375 0.6734765625 0.02192187499999996 0.05744531249999998
0 0.8719765625000001 0.9111953125 0.025703124999999716 0.0672734375000001
0 0.99192578125 0.7823203125000001 0.016148437500000057 0.06349218750000007
0 0.6901953125 0.8057578124999999 0.020406249999999914 0.058960937499999935
0 0.9815781250000001 0.33107031249999996 0.027210937499999942 0.046867187500000004
