0 0.1633906249999999 0.3683125 0.024828124999999802 0.04138281250000002
0 0.09125000000000014 0.9439296875000001 0.013374999999999915 0.042132812499999873
0 0.14842968749999982 0.5319843750000001 0.024742187500000058 0.05951562500000005
1 0.05313281250000017 0.6510234374999999 0.01739062500000017 0.024742187500000058
0 0.41626562500000014 0.8911015624999999 0.01604687499999997 0.034109374999999886
0 0.5861249999999998 0.82890625 0.013374999999999915 0.047484375000000155
0 0.2908750000000001 0.6687421875 0.014046874999999659 0.048148437500000085
1 0.47076562499999997 0.70084375 0.015382812499999687 0.02006250000000005
0 0.5028671875 0.5607421875 0.015382812499999687 0.048820312500000004
1 0.34470312499999983 0.498546875 0.014710937499999943 0.02073437499999997
0 0.41692968750000003 0.39757031249999997 0.0187265625000002 0.04748437499999998
1 0.6522578124999999 0.40872656249999995 0.0181874999999998 0.01932812500000001
0 0.8028984375 0.5036562499999999 0.04207031250000028 0.018187499999999978
0 0.9313749999999998 0.6179218750000001 0.028421875000000086 0.02160156250000007
0 0.9171640624999998 0.41384375 0.040929687500000256 0.025015624999999986
