0 0.1337031250000001 0.4774140625 0.031679687500000143 0.023757812500000065
0 0.28375000000000006 0.48489062499999996 0.03607812499999987 0.01760156249999998
0 0.2740625 0.31284375 0.03607812499999987 0.021999999999999974
0 0.4751484375 0.1975625 0.05103906249999994 0.02552343749999999
0 0.43422656249999997 0.44925 0.04664062499999986 0.023757812500000065
0 0.45227343750000004 0.30184375 0.02464062499999997 0.021117187499999978
0 0.656875 0.16412500000000002 0.03256249999999987 0.06775781250000001
0 0.9899609375 0.9835703125 0.015843749999999802 0.032859374999999955
0 0.648078125 0.879140625 0.01671875000000007 0.04048437500000013
1 0.7699609374999999 0.7889375 0.014078124999999986 0.030796874999999967
0 0.8729218750000001 0.7189765625 0.0211171874999998 0.05456249999999994
0 0.5657890625 0.6886171875 0.017601562500000157 0.03960156250000004
0 0.73959375 0.56409375 0.01847656250000007 0.04575781249999995
1 0.6331171875000001 0.5416562500000001 0.011437499999999901 0.027281250000000055
1 0.8407968749999999 0.4237265625 0.021999999999999888 0.01847656250000007
0 0.9345234375 0.31460937499999997 0.026398437499999972 0.05367968750000003
