1 0.17694531249999984 0.98530078125 0.015578124999999688 0.029398437500000086
0 0.1110468749999999 0.9167109375000001 0.02012500000000017 0.0532343749999999
0 0.3162031249999998 0.8952890625000001 0.0240234375 0.05842968749999997
0 0.10228125000000006 0.58690625 0.02986718749999966 0.09867968749999996
0 0.296078125 0.5132187499999998 0.030515625000000313 0.094140625
0 0.4676406249999999 0.40667968749999994 0.06728906250000008 0.038953124999999963
0 0.5762499999999999 0.463046875 0.029515624999999802 0.021835937500000034
0 0.4850546874999999 0.540078125 0.0537109375 0.03069531249999997
0 0.4995156250000001 0.640421875 0.06375000000000028 0.02951562499999998
0 0.6709843750000001 0.5598515625 0.05725781249999997 0.0265625
0 0.8450312499999999 0.7030703125 0.04554687500000014 0.03207812499999996
0 0.8139140625 0.49586718750000003 0.028226562500000087 0.024375000000000036
