0 0.06773437500000004 0.733484375 0.05288281250000004 0.018710937500000035
0 0.11899218749999996 0.5886640625 0.0463750000000001 0.023593750000000035
0 0.17310156249999994 0.7989843750000001 0.02440624999999983 0.017898437499999975
0 0.4216640625 0.6382890625 0.0414921875000001 0.021968749999999915
0 0.5022109374999999 0.509328125 0.026851562499999915 0.06346093750000001
0 0.4835000000000001 0.6321875 0.021968749999999915 0.048820312500000004
1 0.561609375 0.56546875 0.017085937499999915 0.019523437500000008
0 0.6604609375000001 0.526828125 0.022781249999999885 0.06264843750000004
0 0.6258828125000001 0.6708359374999999 0.021968749999999915 0.05125781249999992
1 0.470484375 0.935671875 0.015460937499999971 0.02440624999999983
1 0.6299531249999999 0.7701015625000001 0.015460937499999971 0.023593750000000035
0 0.72921875 0.7509765625 0.020343749999999973 0.039054687500000004
1 0.809765625 0.8620390625000001 0.012203124999999915 0.023593749999999858
1 0.9509296875000001 0.788 0.016273437499999942 0.020343749999999973
0 0.8996718749999999 0.6472421875000001 0.016273437499999942 0.03335937500000004
0 0.9143203124999999 0.526421875 0.0146484375 0.027664062500000065
