1 0.009765625 0.8620390625000001 0.012203124999999915 0.023593749999999858
1 0.15092968750000005 0.788 0.016273437499999942 0.020343749999999973
0 0.09967187499999994 0.6472421875000001 0.016273437499999942 0.03335937500000004
0 0.11432031249999994 0.526421875 0.0146484375 0.027664062500000065
0 0.5435078125 0.982076171875 0.018710937499999858 0.03584765624999999
0 0.4442421875000001 0.9413671875 0.017085937499999915 0.04718750000000007
0 0.2619921874999999 0.8990625 0.023593749999999858 0.04556250000000013
0 0.3624765624999998 0.8799374999999999 0.009765625 0.023593749999999858
0 0.3657265625000001 0.7485390625 0.02440624999999983 0.043937500000000004
1 0.21114062500000016 0.686296875 0.013015624999999887 0.021968749999999915
0 0.3852578125000001 0.5955781250000001 0.021156249999999942 0.042312500000000065
0 0.5044531249999998 0.672875 0.020343749999999973 0.06021093749999995
0 0.49631250000000016 0.4914296875 0.018710937499999858 0.05044531249999995
1 0.2920937500000001 0.505265625 0.0073203124999999146 0.017898437500000065
0 0.6354453124999999 0.6065625 0.044749999999999804 0.020343749999999973
1 0.7326718750000001 0.710703125 0.02440624999999983 0.015460937499999971
0 0.8364140625 0.575234375 0.021968749999999915 0.021156249999999942
0 0.9653749999999999 0.7509765625 0.03417187499999983 0.022781250000000065
