0 0.11211718749999999 0.593265625 0.134765625 0.07168749999999999
0 0.07799218749999995 0.48344531249999995 0.029820312500000057 0.022937499999999923
0 0.20186718750000007 0.46394531250000004 0.027523437500000015 0.027523437500000015
1 0.44674218749999994 0.52071875 0.0229375000000001 0.01835156250000001
1 0.2916171875 0.46853125 0.026953125 0.01835156250000001
0 0.3813671875000001 0.44387499999999996 0.048171874999999885 0.021789062500000077
0 0.2552031250000001 0.3707578125 0.05046874999999993 0.03268750000000002
0 0.37132812499999995 0.36903125000000003 0.028101562499999844 0.02580468749999998
0 0.46050781250000006 0.37591406250000003 0.026382812499999984 0.02007031250000004
0 0.5631562499999999 0.3351953125 0.0309687499999999 0.021218749999999974
1 0.7905468750000001 0.454484375 0.014335937499999929 0.03268749999999994
1 0.8573515624999999 0.6044453125 0.021789062500000254 0.029820312500000057
1 0.5244453124999999 0.7005078125 0.014335937499999929 0.02810156250000002
1 0.6695390625 0.6437265625 0.014335937499999929 0.02351562499999993
0 0.8028749999999999 0.759 0.021789062500000077 0.06480468750000004
1 0.6881796874999999 0.8060234375 0.012617187500000071 0.02580468750000007
0 0.5731953125 0.8536250000000001 0.016632812499999972 0.06135937499999997
0 0.8117656249999999 0.9164218749999999 0.015484374999999773 0.04014062500000008
1 0.6391562499999999 0.9594374999999999 0.01210156249999983 0.02535156249999986
0 0.9589765624999999 0.9725156250000001 0.014406249999999687 0.05496874999999992
1 0.9385156250000002 0.8254609374999999 0.012679687499999658 0.028234374999999902
1 0.9954785156250001 0.5220703125 0.009042968749999858 0.02765625000000007
