0 0.02102539062500002 0.48821875 0.04205078125000004 0.023375000000000055
0 0.14398437499999997 0.5989140625 0.03635937499999997 0.020124999999999994
0 0.3553046875 0.6391640625 0.0551874999999999 0.0240234375
0 0.35010937500000006 0.4025234375 0.06167968749999986 0.025968750000000006
0 0.497484375 0.4155078125 0.03181249999999984 0.06621874999999999
0 0.4991093749999999 0.5310703125 0.029867187500000014 0.05842968749999997
0 0.6286328125 0.6180703125 0.02661718750000013 0.06232812499999998
0 0.4471718750000001 0.9595625 0.0220703125 0.04414843750000017
1 0.9769453124999998 0.98530078125 0.015578124999999688 0.029398437500000086
0 0.9110468749999999 0.9167109375000001 0.02012500000000017 0.0532343749999999
0 0.90228125 0.58690625 0.02986718749999966 0.09867968749999996
