1 0.057351562499999884 0.6044453125 0.021789062500000254 0.029820312500000057
0 0.006884765625 0.759 0.01376953125 0.06480468750000004
0 0.011765624999999957 0.9164218749999999 0.015484374999999773 0.04014062500000008
0 0.15897656249999984 0.9725156250000001 0.014406249999999687 0.05496874999999992
1 0.31023437499999995 0.9358124999999999 0.019593749999999945 0.03688281250000003
0 0.25347656249999984 0.90815625 0.017867187499999916 0.062234374999999884
1 0.13851562500000014 0.8254609374999999 0.012679687499999658 0.028234374999999902
0 0.21918749999999995 0.6929296875000001 0.018437500000000284 0.04897656250000004
1 0.3367421875000002 0.7367265625 0.021898437499999802 0.030539062499999936
1 0.2724921875 0.43678906250000005 0.017867187499999916 0.02765625000000007
1 0.19729687499999998 0.5220703125 0.012679687499999658 0.02765625000000007
0 0.41684374999999996 0.346609375 0.019593749999999945 0.017867187500000003
0 0.47619531250000013 0.8588828124999999 0.012679687499999658 0.03284374999999997
0 0.4021484375 0.8882734375 0.017867187499999916 0.03514843749999983
0 0.36584375000000013 0.5871875 0.019015625000000112 0.04149218749999992
0 0.42087499999999983 0.78109375 0.014984375000000227 0.05474218749999995
0 0.6000859375 0.5543437499999999 0.042640624999999946 0.025351562500000036
0 0.5882734374999998 0.43074218750000004 0.029390624999999913 0.02592968750000004
0 0.5787656250000002 0.365625 0.028812500000000085 0.022476562499999984
0 0.7095703125 0.44457031249999995 0.028812500000000085 0.027085937500000056
1 0.8873437500000001 0.6105234375 0.017867187499999916 0.019015624999999935
0 0.8081093750000001 0.6646953124999999 0.018437500000000284 0.02017187499999995
1 0.7700781249999998 0.5652890625 0.023046875 0.020742187499999964
0 0.857375 0.48231250000000003 0.057046875000000344 0.04149218749999992
0 0.9587949218750002 0.7277890625000001 0.08241015624999974 0.05992968750000003
