0 0.18996093750000007 0.9835703125 0.015843749999999802 0.032859374999999955
0 0.07292187500000011 0.7189765625 0.0211171874999998 0.05456249999999994
1 0.28324218750000013 0.8201796874999999 0.012320312500000341 0.028164062500000142
1 0.040796874999999844 0.4237265625 0.021999999999999888 0.01847656250000007
0 0.13452343750000004 0.31460937499999997 0.026398437499999972 0.05367968750000003
0 0.275765625 0.4386875 0.014960937499999716 0.041359375000000045
0 0.41568749999999993 0.1870078125 0.023757812499999885 0.05720312500000002
1 0.3342890624999999 0.28776562499999997 0.01407812500000034 0.021117187499999978
0 0.4852109375000001 0.3489296875 0.020242187499999887 0.03960156250000004
1 0.4552890625 0.47653125 0.014960937499999716 0.01847656250000007
0 0.5362500000000001 0.9535 0.016718749999999716 0.034320312499999873
0 0.401171875 0.6692578124999999 0.0211171874999998 0.03607812500000005
0 0.5696953125 0.610734375 0.025523437500000058 0.04575781249999995
1 0.6563828125000001 0.21360937500000002 0.024734374999999885 0.01124218749999999
0 0.783984375 0.33278125 0.03710156249999983 0.02248437499999998
0 0.9166484374999999 0.2720703125 0.04834375000000009 0.02698437499999997
0 0.9183359374999999 0.47893749999999996 0.03147656249999997 0.02248437499999998
