0 0.03351562500000007 0.4555859375 0.0407968750000002 0.08473437500000003
0 0.143359375 0.556015625 0.021968749999999915 0.06799999999999998
0 0.05077343749999983 0.3295234375 0.02301562500000003 0.048125000000000015
0 0.16950781249999985 0.34940625000000003 0.028242187499999717 0.03557031249999998
0 0.2992265625000002 0.7244375 0.024062500000000143 0.05753906250000007
0 0.1328984375000001 0.8860625000000001 0.02615624999999966 0.08996874999999989
1 0.2286171875000001 0.9451640625 0.02928906249999983 0.026156250000000013
0 0.6857656250000002 0.5225390625 0.04603125000000006 0.03870312499999997
0 0.5544843749999998 0.556015625 0.05335156249999997 0.02824218750000007
0 0.6428750000000001 0.6805 0.039750000000000084 0.026156250000000013
0 0.4650390625 0.8321875000000001 0.025109375000000256 0.06171875
0 0.8086874999999999 0.6977578125 0.04707812500000017 0.037664062500000026
