1 0.06774999999999984 0.37382031250000003 0.021992187499999715 0.028898437500000006
0 0.0203125 0.5871171875 0.0263906249999998 0.04460937499999993
0 0.12585937499999994 0.8092109375 0.021359375000000114 0.055289062499999986
1 0.258609375 0.9410078125 0.020062500000000226 0.02759375000000013
0 0.36771874999999987 0.7290625000000001 0.025921875000000226 0.05685156249999999
1 0.3911249999999999 0.7855000000000001 0.00919531250000034 0.029265625000000028
1 0.20092187499999986 0.671375 0.02173437499999977 0.033445312499999956
1 0.12358593750000005 0.5384375 0.019226562499999746 0.0267578125
1 0.32465625 0.5559921875 0.016718749999999716 0.033445312499999956
1 0.25359374999999995 0.4452109375 0.0234140625000002 0.03260937500000001
1 0.3610312499999999 0.3908671875 0.019226562499999746 0.022570312499999988
1 0.8020624999999999 0.385015625 0.0267578125 0.024249999999999973
1 0.8329999999999999 0.5033203125 0.025085937499999746 0.028429687500000078
0 0.7176171875000001 0.5614296875 0.0301015624999998 0.022570312500000078
0 0.8275625000000002 0.553484375 0.03260937499999983 0.028429687500000078
0 0.6156171874999998 0.3653671875 0.06019531250000014 0.035117187500000036
