0 0.04816406250000007 0.3474375 0.02387499999999996 0.027640624999999995
1 0.24073437500000008 0.33046875 0.024500000000000098 0.02387499999999996
0 0.22659374999999998 0.465234375 0.05780468749999983 0.02449999999999992
0 0.10439843750000008 0.50953125 0.021992187500000072 0.017593749999999984
0 0.19769531249999997 0.5623046875 0.021359375000000114 0.015078124999999965
1 0.28093749999999995 0.4156015625 0.01947656249999987 0.01821874999999995
1 0.34753906249999994 0.49727343749999997 0.024500000000000098 0.01696093750000003
0 0.42670312500000007 0.38984375 0.06345312499999985 0.02073437499999997
0 0.3742421875 0.3128828125 0.0376953125 0.02639062499999998
1 0.6274296874999999 0.3766484375 0.025132812500000056 0.029531249999999964
0 0.49738281250000005 0.48628125000000005 0.021359375000000114 0.017593749999999984
1 0.7621953124999999 0.44104687499999995 0.01947656249999987 0.027640625000000085
1 0.8677499999999998 0.37382031250000003 0.021992187499999715 0.028898437500000006
1 0.6261796875 0.675703125 0.021359375000000114 0.02073437499999997
0 0.8203125 0.5871171875 0.0263906249999998 0.04460937499999993
0 0.748375 0.7900546875 0.021992187500000072 0.05089062499999999
0 0.9258593749999999 0.8092109375 0.021359375000000114 0.055289062499999986
0 0.6704687500000001 0.8167500000000001 0.025757812499999845 0.04649218750000008
1 0.71225 0.9565468750000001 0.017593749999999984 0.034554687500000014
1 0.9235859375000001 0.5384375 0.019226562499999746 0.0267578125
