0 0.24916406250000006 0.7203359375 0.037531249999999974 0.02644531249999993
0 0.2952187500000001 0.5783203125 0.05459375000000009 0.027296875000000043
0 0.516140625 0.5309765625 0.059710937499999873 0.03496874999999999
0 0.48799218750000006 0.438 0.04606250000000003 0.02985156250000003
0 0.8335156250000001 0.4555859375 0.0407968750000002 0.08473437500000003
0 0.943359375 0.556015625 0.021968749999999915 0.06799999999999998
0 0.8507734374999998 0.3295234375 0.02301562500000003 0.048125000000000015
0 0.9695078124999998 0.34940625000000003 0.028242187499999717 0.03557031249999998
0 0.7869609375 0.683640625 0.02928906249999983 0.0763671875
0 0.9328984375000001 0.8860625000000001 0.02615624999999966 0.08996874999999989
1 0.7451171875 0.9184921875000001 0.018828124999999928 0.03347656249999993
