1 0.0428593750000001 0.8813984375 0.019039062499999915 0.04568750000000001
0 0.18278125000000003 0.856171875 0.034265624999999744 0.061867187500000045
0 0.2651093750000001 0.8576015625 0.025703124999999716 0.06472656249999993
0 0.14613281250000015 0.9318437500000002 0.03141406250000003 0.0342656250000001
0 0.13138281250000006 0.70340625 0.02855468750000014 0.08185937499999998
1 0.34601562500000005 0.6596171875 0.027601562499999944 0.02664843749999992
0 0.6765000000000001 0.51390625 0.05590625000000031 0.02887500000000003
0 0.6682031250000001 0.6343203125 0.043007812500000145 0.027648437500000077
0 0.7717265624999999 0.6779453125 0.02027343749999986 0.022734374999999928
0 0.9038125000000001 0.615890625 0.05836718750000003 0.036250000000000074
