0 0.06154687499999998 0.5584765625 0.041265625000000125 0.025093749999999915
0 0.18952343749999995 0.61634375 0.050796874999999984 0.02464062499999997
0 0.7955546874999999 0.44434375 0.027664062499999885 0.05582812500000003
0 0.9293359375000001 0.431515625 0.02967187499999966 0.09455468749999998
0 0.8549062500000002 0.500921875 0.019617187499999744 0.046273437500000014
0 0.5456015624999999 0.8129921875000001 0.026656249999999916 0.049789062500000016
0 0.8337812499999998 0.8786250000000001 0.0226328125000002 0.07443750000000016
0 0.671078125 0.8519687499999999 0.0201171875 0.0573359374999999
1 0.5639531249999999 0.962109375 0.012070312499999857 0.030179687500000087
0 0.9528593749999998 0.8995234375000001 0.02542968750000014 0.05756249999999987
