1 0.3256640624999999 0.5181953124999998 0.030484374999999987 0.0208984375
0 0.36528906249999993 0.6192265625 0.06444531249999982 0.027867187500000057
0 0.16453906249999992 0.4611484375 0.05660937500000003 0.02874218749999997
0 0.623828125 0.36682031249999997 0.0276250000000001 0.076953125
0 0.6117421875 0.5494453125 0.026078125000000084 0.05942187499999996
0 0.67403125 0.6793125 0.04615624999999994 0.027867187500000057
1 0.4920078125 0.8717890625000001 0.021773437499999916 0.0330937500000001
1 0.8428593750000001 0.8813984375 0.019039062499999915 0.04568750000000001
0 0.98278125 0.856171875 0.034265624999999744 0.061867187500000045
0 0.9461328125000001 0.9318437500000002 0.03141406250000003 0.0342656250000001
0 0.9313828125000001 0.70340625 0.02855468750000014 0.08185937499999998
0 0.4162265625 0.43770312499999997 0.05016406250000003 0.033445312499999956
