0 0.12933593750000014 0.431515625 0.02967187499999966 0.09455468749999998
0 0.054906250000000156 0.500921875 0.019617187499999744 0.046273437500000014
0 0.03378124999999983 0.8786250000000001 0.0226328125000002 0.07443750000000016
0 0.39514062500000013 0.9697968749999999 0.024093750000000115 0.04283593749999994
0 0.15285937499999988 0.8995234375000001 0.02542968750000014 0.05756249999999987
0 0.40317187499999996 0.8258984375 0.022757812500000085 0.05353906250000007
0 0.23685937499999987 0.51434375 0.035468749999999716 0.08366406249999994
0 0.3321562499999999 0.4006875 0.019226562499999746 0.06814062500000002
0 0.5037578125 0.42576562500000004 0.049750000000000225 0.026335937500000028
0 0.4483671874999999 0.5162734375 0.045984374999999744 0.019226562499999923
0 0.8191640625000002 0.5612109375000001 0.02759374999999977 0.023828125
0 0.906953125 0.6776328125000001 0.07524999999999978 0.036789062499999935
