0 0.07937499999999993 0.5649375 0.05867187499999993 0.03310156249999992
0 0.2230546875 0.559671875 0.051156250000000014 0.030085937499999993
0 0.42164843750000003 0.41448437499999996 0.07522656249999997 0.02106250000000003
0 0.29790624999999993 0.42878125 0.015796874999999842 0.022570312500000078
0 0.482203125 0.622109375 0.012789062499999915 0.06619531250000002
0 0.7176562499999999 0.40921874999999996 0.027835937500000085 0.04964843749999996
0 0.8192109375000001 0.37687499999999996 0.02933593750000014 0.04964843749999996
0 0.3686484374999999 0.8188046874999999 0.0239140625000001 0.05757031250000004
0 0.7565781250000001 0.9188906250000001 0.025687500000000085 0.06288281249999983
0 0.9164375 0.95121875 0.02125781250000003 0.07439843750000001
0 0.45190625000000006 0.7072109375 0.043398437500000143 0.029226562500000063
0 0.6370078124999999 0.7266953125 0.022140625000000115 0.05757031250000004
0 0.8203437499999999 0.6168750000000001 0.025687500000000085 0.08414062500000004
0 0.7304453125 0.649640625 0.019484375000000043 0.03985156249999999
0 0.7069765625000001 0.519890625 0.025687500000000085 0.07085156250000005
0 0.9319375000000001 0.487125 0.03985156250000017 0.07793749999999999
0 0.993203125 0.6979140625 0.013593750000000071 0.07085156250000005
