0 0.019210937500000115 0.37687499999999996 0.02933593750000014 0.04964843749999996
0 0.11643749999999997 0.95121875 0.02125781250000003 0.07439843750000001
0 0.020343749999999973 0.6168750000000001 0.025687500000000085 0.08414062500000004
0 0.1319375000000001 0.487125 0.03985156250000017 0.07793749999999999
0 0.23556249999999998 0.4313203125 0.07705468750000008 0.04074218750000007
0 0.34760156249999985 0.776296875 0.019484374999999686 0.08414062500000004
0 0.19924999999999998 0.6979140625 0.025687500000000085 0.07085156250000005
0 0.44367968749999986 0.524296875 0.046812500000000055 0.030765625000000085
0 0.9634218749999999 0.797625 0.04382031250000011 0.03434375000000003
0 0.708203125 0.5891875 0.05684375000000017 0.036710937500000006
0 0.7780781250000001 0.7407812500000001 0.05210937499999986 0.03434375000000003
0 0.5572031249999998 0.6720937499999999 0.024867187499999943 0.020132812499999986
0 0.9018359374999999 0.6140625 0.03197656250000023 0.03197656250000005
