0 0.06560937500000001 0.51534375 0.019789062499999944 0.021640625000000035
0 0.1759765625 0.539765625 0.07728906249999987 0.04451562500000002
0 0.16639062500000001 0.36232031249999996 0.02349218750000013 0.014835937500000007
0 0.40226562500000007 0.41765625 0.02535156249999986 0.012984374999999914
0 0.7120312500000001 0.35057031250000004 0.017929687499999857 0.048226562500000014
1 0.7772578125 0.41858593749999995 0.01483593749999983 0.02225781250000001
1 0.8879374999999999 0.318109375 0.01483593749999983 0.02287499999999998
0 0.9105000000000001 0.600671875 0.014218749999999858 0.027820312499999923
0 0.7488203125 0.6368437499999999 0.01854687499999983 0.03833593749999995
0 0.6226875 0.8105781249999999 0.02349218750000013 0.056882812499999956
0 0.6786406250000001 0.9438203125 0.017929687499999857 0.0315312500000001
0 0.9578046874999998 0.5156562499999999 0.01854687499999983 0.06059374999999996
0 0.8105234374999999 0.7601718749999999 0.045265624999999865 0.0455078125
0 0.983302734375 0.6942265625 0.033394531249999915 0.03667968750000004
0 0.8260390624999999 0.5104921874999999 0.03333593750000006 0.04420312499999994
