1 0.08793749999999996 0.318109375 0.01483593749999983 0.02287499999999998
0 0.11050000000000004 0.600671875 0.014218749999999858 0.027820312499999923
0 0.15780468749999982 0.5156562499999999 0.01854687499999983 0.06059374999999996
1 0.40233593749999985 0.32892968749999996 0.0191640624999998 0.02225781250000001
1 0.3219609375000001 0.5740859375 0.016695312499999913 0.02287499999999998
1 0.2477656249999999 0.7858515625 0.012984374999999914 0.024734375000000065
0 0.43634375 0.80903125 0.016695312499999913 0.06121093749999993
0 0.3482343749999998 0.8977578125000001 0.021023437499999888 0.06801562499999995
0 0.5983359374999999 0.36046093749999997 0.05750000000000029 0.024734374999999975
1 0.8917109374999999 0.399109375 0.019789062499999944 0.017929687500000034
0 0.90284375 0.5403828125000001 0.02967968749999983 0.017312500000000064
0 0.016578124999999843 0.7601718749999999 0.033156249999999686 0.0455078125
0 0.18453906250000002 0.6942265625 0.035867187499999884 0.03667968750000004
0 0.026039062499999942 0.5104921874999999 0.03333593750000006 0.04420312499999994
