0 0.13324218749999997 0.641140625 0.0528203125000001 0.026093750000000072
0 0.20777343750000005 0.5056015625 0.038015624999999886 0.017406249999999977
0 0.3279921874999999 0.54178125 0.0577031250000001 0.024734375000000065
0 0.3030312500000001 0.684671875 0.06824218749999993 0.021984375000000077
0 0.47328906249999997 0.5822734374999999 0.0759765625 0.027835937500000085
0 0.6371328125 0.47005468749999996 0.028999999999999915 0.05393749999999997
0 0.6890390625 0.8600703125000001 0.024937500000000057 0.0463984374999999
0 0.8379296875000002 0.44260937499999997 0.032398437500000196 0.056703124999999945
0 0.9258749999999999 0.6561015625 0.025460937500000114 0.05207031250000007
0 0.8338828125 0.8505 0.02661718749999977 0.04860156250000003
