0 0.24242968749999996 0.5414140625 0.05551562499999996 0.028585937499999936
0 0.346859375 0.41774218750000003 0.05771093749999991 0.025281249999999922
1 0.4161171875000001 0.47847656250000004 0.033531250000000054 0.01814062500000002
0 0.16355468749999993 0.483421875 0.03297656250000003 0.02253906249999993
0 0.14860937500000002 0.6950078125 0.05256250000000016 0.025156250000000036
1 0.8140703125000002 0.676234375 0.023328124999999745 0.03721093750000008
0 0.463875 0.9420078125 0.026101562499999887 0.03332812499999989
0 0.7490859375 0.960609375 0.031101562499999957 0.033882812499999915
1 0.8268437500000001 0.4448984375 0.026664062500000085 0.021109374999999986
0 0.8221328124999999 0.5243203125 0.027218750000000114 0.02776562499999997
0 0.984103515625 0.679109375 0.03179296875000013 0.09557812499999993
