0 0.04107031249999995 0.6764609375 0.06687499999999993 0.02829687500000002
0 0.18800781250000007 0.5812890625 0.0276484374999999 0.021859375000000014
1 0.2677421875 0.6719609375 0.017359374999999844 0.018007812499999963
1 0.17289062499999996 0.6967187499999999 0.020578125000000114 0.019937499999999986
0 0.2960312500000001 0.5841875 0.044367187499999974 0.02507812499999993
0 0.42078124999999994 0.44529687500000004 0.03279687500000002 0.021218750000000064
0 0.381234375 0.5716484375 0.08102343750000003 0.02700781249999995
0 0.35100781249999996 0.5989765625000001 0.034726562499999857 0.018648437499999913
0 0.8300625 0.494484375 0.048867187500000145 0.019289062500000044
1 0.6918124999999999 0.6980000000000001 0.023148437500000084 0.03021875000000005
0 0.57575 0.912125 0.0276484374999999 0.08552343749999984
1 0.6992109375 0.842359375 0.023789062499999857 0.019289062500000044
0 0.7004921875000001 0.8738671874999999 0.023789062499999857 0.04243750000000013
0 0.8451718750000001 0.9018359374999998 0.023789062499999857 0.09195312499999986
0 0.7702656250000001 0.6732421875 0.11446093750000016 0.019289062500000044
1 0.8782890625 0.6838515625 0.018007812500000143 0.03021875000000005
0 0.9654218749999999 0.4378984375 0.041796875 0.021859375000000014
1 0.9274843749999999 0.47165625 0.025078125000000284 0.01478906250000005
0 0.8946874999999999 0.52278125 0.041796875 0.019289062500000044
1 0.9493437499999999 0.8677578125000001 0.016078124999999943 0.03279687500000002
1 0.8933984375000001 0.9818984374999999 0.017359375000000198 0.018007812500000143
