1 0.014070312500000171 0.676234375 0.023328124999999745 0.03721093750000008
1 0.0268437500000001 0.4448984375 0.026664062500000085 0.021109374999999986
0 0.022132812499999942 0.5243203125 0.027218750000000114 0.02776562499999997
0 0.18707031249999986 0.679109375 0.03772656249999997 0.09557812499999993
0 0.47758593749999995 0.6165468749999999 0.0515625 0.02578125
0 0.8001015625000001 0.6138281250000001 0.029742187499999774 0.023695312499999944
0 0.8104375000000001 0.7260078125 0.052437499999999915 0.0373046875
0 0.9221093750000001 0.644078125 0.047898437500000314 0.03176562500000006
1 0.9589140624999999 0.7547421875 0.02772656249999983 0.03025000000000002
0 0.9549531250000001 0.6037656250000001 0.030117187500000142 0.031203125000000043
