0 0.09176562500000003 0.547921875 0.029726562500000143 0.013148437499999943
0 0.23182031250000001 0.5230546875 0.03201562500000001 0.018289062500000064
1 0.40160156249999995 0.6448125 0.01600781249999983 0.018289062500000064
1 0.18065625000000002 0.7357109375 0.017718749999999873 0.017148437500000037
1 0.7 0.4918984375 0.017148437499999857 0.024578125000000027
0 0.8900703125 0.5659296875 0.020007812499999743 0.059453124999999926
1 0.7574453125 0.6273828124999999 0.016578124999999843 0.02915624999999995
0 0.6742734374999999 0.696546875 0.08917968750000008 0.026867187500000077
0 0.8311875000000001 0.6668203125 0.021148437499999773 0.03258593750000003
1 0.7663046874999999 0.792015625 0.01600781249999983 0.0234375
1 0.8980703125000001 0.883765625 0.012007812499999914 0.018289062499999887
1 0.6271093750000001 0.926921875 0.013148437499999943 0.024578125000000027
1 0.9583828125 0.703984375 0.013718750000000312 0.024578125000000027
