0 0.030062500000000013 0.494484375 0.048867187500000145 0.019289062500000044
0 0.045171875000000125 0.9018359374999998 0.023789062499999857 0.09195312499999986
1 0.07828906250000003 0.6838515625 0.018007812500000143 0.03021875000000005
0 0.16542187499999983 0.4378984375 0.041796875 0.021859375000000014
1 0.12748437499999987 0.47165625 0.025078125000000284 0.01478906250000005
0 0.09468749999999986 0.52278125 0.041796875 0.019289062500000044
0 0.29917187500000003 0.7066796875 0.022507812500000314 0.05658593750000005
1 0.1493437499999999 0.8677578125000001 0.016078124999999943 0.03279687500000002
0 0.3149218749999999 0.88865625 0.02185937499999966 0.06558593749999986
1 0.09339843750000014 0.9818984374999999 0.017359375000000198 0.018007812500000143
1 0.4252031250000002 0.8481484375000001 0.022507812500000314 0.024437500000000157
1 0.5544453125000001 0.6256640625000001 0.023789062499999857 0.021859375000000014
1 0.5264765624999999 0.49094531249999995 0.016718749999999716 0.01478906250000005
1 0.6467187500000001 0.5131328125 0.027007812499999773 0.0154296875
1 0.7123125000000001 0.59640625 0.025718750000000058 0.01735937500000002
1 0.721953125 0.6703515624999999 0.023148437500000084 0.023789062500000034
0 0.822265625 0.5594296875 0.0154296875 0.020578124999999937
0 0.9850839843749999 0.6414140625 0.029832031250000314 0.02893749999999997
