0 0.09007031249999997 0.5659296875 0.020007812499999743 0.059453124999999926
0 0.031187500000000055 0.6668203125 0.021148437499999773 0.03258593750000003
1 0.09807031250000016 0.883765625 0.012007812499999914 0.018289062499999887
0 0.28099999999999986 0.99361328125 0.014289062499999972 0.012773437499999929
1 0.27328125000000014 0.8057343749999999 0.011429687500000086 0.02800781249999993
0 0.35074218749999986 0.76 0.01543750000000017 0.048585937500000044
1 0.15838281250000003 0.703984375 0.013718750000000312 0.024578125000000027
1 0.31929687499999987 0.56821875 0.012007812499999914 0.03201562500000001
1 0.4382031250000001 0.8903359375000001 0.010859374999999716 0.022296874999999973
0 0.4939374999999998 0.7088359375 0.010289062500000057 0.022867187499999986
1 0.6094062499999999 0.50190625 0.01600781249999983 0.016007812500000006
0 0.7323125000000001 0.635671875 0.011429687500000086 0.013718749999999957
0 0.854640625 0.5376328125 0.04573437499999997 0.026867187500000077
1 0.9701171875 0.5524921875000001 0.01600781249999983 0.01657812500000002
0 0.7283124999999998 0.41015625 0.020578125000000114 0.014289062499999972
