1 0.008212890624999858 0.834765625 0.016425781249999716 0.03284374999999997
0 0.1729609374999999 0.8924218749999999 0.023757812499999885 0.04892187499999991
0 0.31937500000000013 0.8246328125 0.018867187499999716 0.05032031249999998
1 0.07058593749999993 0.5185390625 0.016070312499999774 0.0447265625
0 0.20825781250000014 0.433984375 0.024460937500000314 0.047523437499999946
1 0.19742187499999986 0.6118359375 0.02515624999999986 0.052414062499999935
1 0.24250000000000008 0.6086953125 0.018867187499999716 0.04892187499999991
0 0.5524374999999999 0.5755 0.03633593750000017 0.024460937499999957
0 0.6750859375000001 0.589125 0.04542187500000026 0.030749999999999923
0 0.44760937500000003 0.3578046875 0.0615000000000002 0.03494531250000001
0 0.60659375 0.4290859375 0.06778906250000034 0.02935156249999995
1 0.6439843750000002 0.48010156249999997 0.0279531249999998 0.023757812500000065
0 0.7994765625 0.432234375 0.05660937500000003 0.0314453125
0 0.12036718750000013 0.7416640625 0.029999999999999714 0.03921875000000004
0 0.2670703124999999 0.9163984375 0.03663281250000026 0.04399218749999996
0 0.2875 0.467484375 0.031304687499999775 0.04506250000000005
0 0.010416015624999986 0.556359375 0.020832031249999973 0.030281249999999992
