0 0.023843749999999986 0.6461718750000001 0.04125000000000014 0.021804687500000065
0 0.17735937499999999 0.6049218749999999 0.02887500000000003 0.02062500000000007
0 0.23482031249999996 0.39984375 0.05421875000000007 0.01944531249999999
0 0.3521875 0.5876875 0.058734374999999873 0.025351562500000036
0 0.589609375 0.3307890625 0.02906249999999986 0.05935937500000001
0 0.5497265625000001 0.557078125 0.02349218750000013 0.048226562500000014
1 0.690078125 0.5008125 0.024734374999999885 0.03585937500000007
0 0.4653359375000001 0.7540078125 0.03400781250000016 0.06244531250000005
0 0.6851328125 0.683828125 0.02349218750000013 0.06553906250000008
1 0.8055937499999999 0.834765625 0.021664062499999838 0.03284374999999997
0 0.9729609374999999 0.8924218749999999 0.023757812499999885 0.04892187499999991
0 0.7640078125 0.4105703125 0.023757812499999885 0.04821875000000002
1 0.8705859374999999 0.5185390625 0.016070312499999774 0.0447265625
1 0.992421875 0.6118359375 0.01515625000000007 0.052414062499999935
0 0.6940468750000001 0.856640625 0.03067187500000017 0.035992187500000127
0 0.76115625 0.9737500000000001 0.03164843750000017 0.04137500000000003
0 0.9203671875000001 0.7416640625 0.029999999999999714 0.03921875000000004
0 0.2998359375 0.50809375 0.037484375000000014 0.015664062499999964
0 0.569375 0.7909843750000001 0.1534062500000001 0.018164062500000088
0 0.804265625 0.556359375 0.033132812499999886 0.030281249999999992
