1 0.06255468749999996 0.39407812499999995 0.022835937500000014 0.021257812499999983
0 0.24916406250000006 0.3692734375 0.029132812499999973 0.023617187500000015
0 0.17750781250000003 0.2866015625 0.03542968749999993 0.023617187500000015
0 0.35230468750000005 0.38186718750000004 0.027554687499999987 0.059835937500000026
1 0.3444296874999999 0.4306875 0.018109374999999872 0.02204687500000002
1 0.616859375 0.502734375 0.01023437499999993 0.022835937500000014
0 0.7054375 0.3779375 0.022046874999999844 0.05668749999999996
0 0.49875781250000006 0.45588281249999996 0.02125781250000003 0.059835937499999936
0 0.381828125 0.5708359375 0.022046874999999844 0.06299218749999991
0 0.45584375 0.7361875 0.022046874999999844 0.08031249999999997
0 0.28735156249999994 0.8196484375 0.026773437499999986 0.07085937499999995
1 0.44009374999999995 0.95034375 0.0141718749999999 0.022046874999999844
1 0.7570078125 0.7633515625 0.014960937500000071 0.025984374999999994
0 0.86290625 0.4358046875 0.03149218750000031 0.0936953125
1 0.9597578124999998 0.5609921875 0.011023437499999744 0.025984374999999994
0 0.8999140625 0.770828125 0.018898437499999688 0.08031249999999997
