0 0.4251875 0.48846875 0.050804687500000154 0.030304687499999972
0 0.3565468750000001 0.363234375 0.043679687499999884 0.025851562500000026
0 0.5829531250000001 0.49693750000000003 0.032984374999999844 0.05615624999999991
0 0.6462421875000001 0.8387734375000001 0.027632812499999916 0.06417968750000007
0 0.8927031249999999 0.8762109375 0.023171874999999887 0.05526562499999983
1 0.7215624999999999 0.6212812500000001 0.023171874999999887 0.026742187500000014
0 0.8209531250000002 0.6386640625 0.022281250000000342 0.05971875000000004
0 0.71309375 0.422953125 0.02941406250000007 0.04546093750000004
0 0.8329843749999999 0.3676875 0.02674218749999966 0.041890625
0 0.9742656249999999 0.4590546875 0.027632812499999916 0.06239843750000009
