0 0.09270312499999989 0.8762109375 0.023171874999999887 0.05526562499999983
0 0.020953125000000128 0.6386640625 0.022281250000000342 0.05971875000000004
0 0.032984374999999844 0.3676875 0.02674218749999966 0.041890625
0 0.17426562499999995 0.4590546875 0.027632812499999916 0.06239843750000009
0 0.3018437500000001 0.9428515624999999 0.031179687499999886 0.054007812500000085
1 0.3931484375 0.8504296874999999 0.015585937499999859 0.0373046875
0 0.2037812500000001 0.6636562500000001 0.02970312500000034 0.05507031250000001
1 0.3114531249999999 0.540203125 0.019804687500000286 0.02475000000000005
0 0.27927343749999983 0.338171875 0.02227343750000017 0.057546874999999977
0 0.5787734375 0.42665625 0.056929687499999916 0.027843750000000077
0 0.814125 0.49358593749999996 0.03248437499999994 0.02547656249999992
