0 0.06290624999999998 0.4358046875 0.03149218750000031 0.0936953125
1 0.20581250000000004 0.3814765625 0.013382812500000086 0.016531249999999977
0 0.3227421875000001 0.40588281249999997 0.0283437499999998 0.07164843750000002
1 0.15975781249999982 0.5609921875 0.011023437499999744 0.025984374999999994
0 0.2739218749999999 0.67240625 0.0251953125 0.05353906249999998
0 0.0999140624999999 0.770828125 0.018898437499999688 0.08031249999999997
0 0.24636718749999992 0.9090078125 0.022046875000000198 0.057476562500000127
0 0.4612343750000001 0.4695390625000001 0.05098437500000017 0.02503124999999997
0 0.6063124999999999 0.58309375 0.031515625000000116 0.018539062500000016
1 0.7416562500000001 0.5645546875 0.018539062499999658 0.022250000000000013
0 0.9236171875 0.5694765625 0.053437499999999714 0.03248437499999994
0 0.7674921874999999 0.39396875 0.047148437500000286 0.014671874999999978
