0 0.12288281249999997 0.57575 0.03896093749999992 0.022140624999999935
0 0.09889062499999994 0.674578125 0.054953125000000116 0.023781250000000042
0 0.3259609375 0.6173046875 0.05743749999999999 0.025460937499999937
0 0.23057812500000008 0.4024296875 0.054757812500000114 0.022546874999999966
0 0.8400625000000002 0.3955 0.02807031250000023 0.06507031249999998
0 0.5576718749999999 0.9804335937499999 0.02221093749999987 0.03913281249999993
1 0.6442421875000001 0.8684062499999999 0.018585937499999972 0.02991406249999997
1 0.38771093749999996 0.863421875 0.018585937499999972 0.034445312500000116
0 0.78396875 0.9346328125 0.027968750000000143 0.07555468750000002
0 0.9228124999999998 0.6086171874999999 0.02109375 0.04955468750000005
