0 0.03528906250000006 0.9683554687499999 0.020570312499999945 0.06328906249999999
0 0.10332812500000017 0.5007890625 0.023734375000000085 0.08702343750000008
1 0.1962890625 0.444625 0.011867187499999687 0.028484375000000027
0 0.22239843750000005 0.462421875 0.01819531249999997 0.06408593749999998
0 0.29201562500000017 0.4675625 0.027687499999999688 0.07120312500000008
0 0.28291406250000006 0.560921875 0.022148437500000284 0.056960937500000065
0 0.38101562499999986 0.947390625 0.025320312499999886 0.05775000000000006
0 0.686796875 0.5581484375 0.038765624999999915 0.027687500000000042
0 0.80190625 0.661 0.03164843750000017 0.022945312499999915
1 0.9795156250000001 0.5854453125 0.022945312499999915 0.017406249999999977
