0 0.019917968750000004 0.7261562500000001 0.03983593750000001 0.0283203125
0 0.11143750000000008 0.559078125 0.047734374999999926 0.027507812500000027
1 0.15513281249999994 0.5287421875 0.02184375000000003 0.02993749999999995
1 0.5899218749999999 0.5134921875 0.024734374999999885 0.027820312499999923
0 0.7179062500000001 0.42198437499999997 0.02967968749999983 0.04142187499999998
0 0.749125 0.65940625 0.021640624999999858 0.055031250000000045
0 0.6542187500000001 0.76328125 0.02349218750000013 0.05007812499999993
0 0.5039765624999999 0.91878125 0.02349218750000013 0.049460937499999955
1 0.789625 0.928984375 0.016078124999999943 0.037718750000000155
1 0.8437265624999999 0.4575390625 0.024117187499999915 0.03091406249999995
0 0.9584218750000002 0.5345156249999999 0.022257812499999828 0.057499999999999926
0 0.8919531249999999 0.61890625 0.0377187499999998 0.018546875000000008
0 0.8693828124999999 0.7889375 0.023492187499999772 0.055648437499999925
1 0.969546875 0.8572578125000001 0.016078124999999943 0.02535156249999986
