0 0.08466406249999991 0.678453125 0.04590625000000017 0.03546875000000007
0 0.23454687500000002 0.6600234375 0.049382812500000026 0.03199218750000003
0 0.23663281250000007 0.512578125 0.05355468750000014 0.013906249999999964
0 0.381296875 0.51675 0.05355468750000014 0.03477343749999999
0 0.31939843749999997 0.3567890625 0.10501562500000006 0.040335937499999995
0 0.515875 0.3512265625 0.07511718750000007 0.03338281250000001
1 0.36460156250000003 0.32618749999999996 0.02156249999999993 0.013906249999999964
0 0.4331093750000001 0.37243750000000003 0.030601562500000058 0.016000000000000014
0 0.5669921875 0.24203125 0.05216406249999998 0.023648437499999987
0 0.6723593749999999 0.262546875 0.09597656249999993 0.025734374999999955
0 0.8486640624999999 0.2576796875 0.027125000000000198 0.04381250000000003
0 0.9463828124999999 0.28585156249999993 0.015304687500000113 0.041726562499999974
0 0.8006796875 0.316796875 0.025734374999999865 0.03268750000000002
0 0.8632734374999999 0.447546875 0.025734374999999688 0.09806249999999998
0 0.6706796875000001 0.5738359375 0.024062500000000143 0.05738281250000003
0 0.71371875 0.9264609374999999 0.0212890625 0.04997656249999984
0 0.5059374999999999 0.857046875 0.020359374999999957 0.046273437500000014
0 0.992216796875 0.9338671875 0.015566406250000142 0.06108593750000004
0 0.86365625 0.8362265624999999 0.023140624999999915 0.047203125000000054
1 0.51796875 0.6372343749999999 0.02221093749999987 0.019437500000000087
1 0.682953125 0.42737499999999995 0.020937500000000143 0.030460937500000007
0 0.9780234374999999 0.6229765625 0.02855468750000014 0.0790000000000001
1 0.9009218749999999 0.604890625 0.034265624999999744 0.02570312500000007
