0 0.04866406249999997 0.2576796875 0.027125000000000198 0.04381250000000003
0 0.1463828124999999 0.28585156249999993 0.015304687500000113 0.041726562499999974
0 0.006773437499999879 0.316796875 0.013546874999999759 0.03268750000000002
0 0.06327343749999984 0.447546875 0.025734374999999688 0.09806249999999998
0 0.23256249999999987 0.39382031249999994 0.02776562499999997 0.07867187499999999
0 0.19507812499999985 0.9338671875 0.0212890625 0.06108593750000004
0 0.06365625000000001 0.8362265624999999 0.023140624999999915 0.047203125000000054
0 0.1780234374999999 0.6229765625 0.02855468750000014 0.0790000000000001
1 0.10092187499999987 0.604890625 0.034265624999999744 0.02570312500000007
0 0.48926562500000015 0.3450390625 0.06472656250000028 0.04092968749999999
0 0.4178828124999999 0.5201718750000001 0.02855468750000014 0.0828125
0 0.35124999999999995 0.6439140625 0.020937500000000143 0.05425781250000004
0 0.6544140625000001 0.3378984375 0.06948437499999968 0.04949218750000002
0 0.6920078125 0.49352343750000005 0.05710937500000028 0.04283593749999994
0 0.6934374999999999 0.675796875 0.04854687500000025 0.04188281249999992
0 0.9518593750000001 0.7719375 0.04188281249999974 0.04378124999999997
0 0.8562031250000001 0.6334453124999999 0.04664062499999986 0.040929687500000075
