1 0.08803906250000004 0.46656250000000005 0.017125000000000057 0.01769531250000007
0 0.17707812500000006 0.4537265625 0.03538281249999997 0.014835937500000007
0 0.19476562499999997 0.619234375 0.04451562500000002 0.015976562500000034
0 0.5599765624999999 0.5268984375 0.025320312499999886 0.05854687500000004
0 0.7185937499999999 0.49209375 0.029273437499999843 0.07278125000000006
0 0.777140625 0.6764296875 0.027687500000000042 0.06487499999999997
1 0.6090234375 0.9897187500000001 0.012656249999999859 0.02056249999999995
0 0.8352890625 0.9683554687499999 0.020570312499999945 0.06328906249999999
0 0.9033281250000001 0.5007890625 0.023734375000000085 0.08702343750000008
1 0.9951777343750001 0.444625 0.009644531249999843 0.028484375000000027
