1 0.043726562499999844 0.4575390625 0.024117187499999915 0.03091406249999995
0 0.15842187500000016 0.5345156249999999 0.022257812499999828 0.057499999999999926
0 0.09195312499999986 0.61890625 0.0377187499999998 0.018546875000000008
0 0.2833124999999999 0.6912499999999999 0.023492187499999772 0.05070312500000007
0 0.25920312500000015 0.6798124999999999 0.01483593749999983 0.03895312499999992
0 0.06938281249999996 0.7889375 0.023492187499999772 0.055648437499999925
1 0.16954687499999999 0.8572578125000001 0.016078124999999943 0.02535156249999986
1 0.3513281249999999 0.9884492187500001 0.01854687499999983 0.02310156249999995
0 0.432015625 0.8618984375000001 0.020406249999999914 0.0692499999999999
1 0.40914062499999987 0.49927343750000014 0.020406249999999914 0.03029687499999998
0 0.31608593750000014 0.401578125 0.022257812499999828 0.048843749999999984
1 0.9056249999999999 0.56728125 0.016695312499999913 0.016695312499999913
