0 0.22085156250000004 0.2546171875 0.02284374999999983 0.05235156249999999
0 0.200390625 0.36169531250000003 0.019992187500000112 0.06091406250000002
0 0.045242187499999885 0.8747343750000001 0.02379687500000003 0.05710937499999993
0 0.2508359375000001 0.760515625 0.02189062500000034 0.05520312500000006
0 0.13185937500000017 0.5672890625 0.025703124999999716 0.06091406250000002
0 0.3165078125000001 0.470203125 0.02379687500000003 0.07424218749999997
0 0.31508593749999997 0.2331953125 0.036171875000000145 0.04759374999999997
0 0.5192499999999999 0.3003046875 0.06567968749999978 0.039023437500000036
0 0.4202578124999999 0.3521796875 0.02950781250000034 0.06662499999999998
0 0.7181875000000002 0.4126171875 0.04854687500000025 0.040929687500000034
0 0.49117187499999987 0.5663359375 0.03235937500000006 0.06853125000000002
0 0.6368046875000001 0.68103125 0.02855468750000014 0.05235156249999999
0 0.5563749999999998 0.98115234375 0.04473437500000017 0.0376953125
0 0.4112187500000001 0.80525 0.03046093749999983 0.06853124999999993
0 0.8132890625000002 0.5820078125 0.019828125000000085 0.017843749999999936
0 0.9610234375000001 0.5274765625 0.05949218749999972 0.03965624999999999
