0 0.020664062500000035 0.45715625 0.01769531250000007 0.014750000000000086
0 0.29254687500000004 0.34421875 0.05121874999999996 0.02170312499999998
1 0.43709375 0.33683593749999996 0.020835937500000058 0.01389062499999998
0 0.45141406249999994 0.3984765625 0.014757812499999901 0.020835937499999967
0 0.20269531250000003 0.49396874999999996 0.026046875000000115 0.01389062499999998
0 0.30079687499999996 0.4371015625 0.019101562499999857 0.025179687500000013
0 0.34203124999999995 0.49353125000000003 0.018234375000000115 0.013023437500000058
1 0.695359375 0.448828125 0.025179687500000013 0.019101562500000037
1 0.9024140625000001 0.47834374999999996 0.0138906249999998 0.020835937500000058
1 0.9896562500000001 0.957984375 0.013023437500000058 0.021703125000000156
1 0.7817421875000001 0.83384375 0.015625 0.026914062499999857
0 0.6701874999999999 0.7261953125 0.08941406249999986 0.033859374999999935
1 0.8134296875 0.6050859375 0.021703124999999802 0.026046874999999935
0 0.9488515625000001 0.579046875 0.016492187499999745 0.060765624999999976
