1 0.10241406250000011 0.47834374999999996 0.0138906249999998 0.020835937500000058
1 0.18965625000000016 0.957984375 0.013023437500000058 0.021703125000000156
1 0.013429687500000042 0.6050859375 0.021703124999999802 0.026046874999999935
0 0.14885156250000015 0.579046875 0.016492187499999745 0.060765624999999976
1 0.21613281250000008 0.6016171875 0.015625 0.02951562499999998
0 0.2891718749999999 0.4864453125 0.10222656250000028 0.027445312500000086
0 0.49157031250000005 0.48987499999999995 0.013039062499999688 0.03430468750000006
0 0.6857890624999999 0.45651562500000004 0.030132812499999773 0.02008593750000003
0 0.8158906250000001 0.425015625 0.021914062500000143 0.013695312499999978
0 0.7337187499999999 0.3223046875 0.031046874999999828 0.02008593750000003
1 0.9711093749999999 0.397625 0.031046874999999828 0.01552343749999996
0 0.9791660156249999 0.4761484375 0.04166796875000003 0.01917187499999997
1 0.46300781250000006 0.6601250000000001 0.015523437499999914 0.025562500000000023
1 0.5716562499999999 0.7788203125 0.013695312499999801 0.03104687500000001
1 0.3274218749999999 0.703953125 0.012781249999999744 0.023742187500000077
0 0.5113984375000001 0.939515625 0.01917187499999997 0.05843750000000014
1 0.35298437500000013 0.8367968749999999 0.016437499999999973 0.022828124999999845
0 0.24022656249999982 0.8838203124999999 0.021000000000000085 0.05478124999999991
1 0.47396093750000007 0.9828828125000001 0.015523437499999914 0.02464843750000014
