0 0.09722656249999986 0.9808535156249999 0.022781249999999885 0.03829296875000008
0 0.22863281250000006 0.875875 0.017085937499999915 0.05451562500000016
1 0.3624765624999998 0.9503203125 0.011390624999999942 0.026039062499999942
0 0.02156249999999993 0.6692109375 0.017898437499999885 0.04474999999999998
0 0.31365625 0.6505 0.021156249999999942 0.08054687499999993
0 0.07810937500000001 0.3319609375 0.023593749999999858 0.06671874999999998
1 0.24164843749999995 0.35840625 0.017085937499999915 0.028476562500000035
0 0.4487187500000001 0.2986015625 0.06671874999999972 0.053703125000000004
0 0.5992421875000001 0.5923203124999998 0.032546874999999885 0.03091406249999995
0 0.8079374999999999 0.551640625 0.013828124999999858 0.024406250000000008
0 0.834375 0.663921875 0.03579687499999977 0.034171875000000004
