0 0.010871093749999972 0.5056484375 0.021742187499999944 0.017281249999999915
0 0.028402343750000014 0.539953125 0.05680468750000003 0.027953124999999978
0 0.12084375000000006 0.5241953125000001 0.022359374999999914 0.017789062499999987
0 0.10585156250000001 0.5968671875 0.027953125000000155 0.015750000000000063
0 0.16734375000000004 0.6675078125 0.03607812499999987 0.019820312499999916
0 0.3407109374999999 0.53971875 0.06677343749999984 0.02421875
1 0.5880078125000001 0.4678046875 0.02421875 0.03889062499999998
1 0.6078203125 0.6505234375 0.021281249999999828 0.03449218750000007
1 0.7043125 0.5749453124999999 0.023484374999999957 0.025679687499999916
1 0.6319921875000001 0.903859375 0.017640624999999945 0.031046874999999828
0 0.5317968750000001 0.8555234374999999 0.027515624999999842 0.06561718749999983
0 0.7699374999999999 0.8791640624999999 0.03528124999999989 0.13688281250000003
0 0.7004374999999999 0.7165234375 0.0317499999999999 0.10795312500000005
1 0.6732734375 0.8121328125 0.015523437499999914 0.03528124999999997
1 0.814390625 0.7553359375 0.016937500000000227 0.03598437499999996
1 0.7565312499999999 0.68265625 0.02539843750000017 0.04445312500000007
1 0.749828125 0.435703125 0.026109375000000056 0.021875
1 0.829203125 0.54859375 0.01834374999999966 0.020460937500000043
1 0.9406874999999999 0.5891640625 0.022578124999999716 0.018343750000000013
0 0.8757734374999998 0.7119375 0.028226562500000087 0.08043750000000002
0 0.9343359374999999 0.9723906250000001 0.028226562500000087 0.05521874999999987
1 0.8902421875000002 0.8759921874999999 0.019054687500000257 0.023281250000000142
1 0.96609375 0.7973125 0.02399218750000003 0.04092187500000009
