1 0.039664062499999986 0.6037109375 0.04393749999999983 0.026039062499999942
1 0.04576562499999994 0.35433593750000003 0.023593749999999858 0.018710937500000035
0 0.1519453125 0.42634375 0.06834375000000001 0.037429687500000065
0 0.368375 0.30714843750000004 0.026039062499999942 0.05614062500000001
0 0.4391562499999999 0.4788203125 0.01952343749999983 0.06590624999999992
1 0.40010156250000006 0.5414687500000002 0.01952343749999983 0.03173437499999991
0 0.75159375 0.3860703125 0.017898437499999885 0.06102343750000001
0 0.6380859375 0.505671875 0.017085937499999915 0.05614062499999992
0 0.49000781250000003 0.7945078125 0.013828124999999858 0.04963281250000007
1 0.57503125 0.9340468749999999 0.013015624999999887 0.027664062499999885
1 0.7910546875 0.8298984375 0.015460937499999971 0.026039062499999942
0 0.8972265624999999 0.9808535156249999 0.022781249999999885 0.03829296875000008
0 0.8215625 0.6692109375 0.017898437499999885 0.04474999999999998
0 0.878109375 0.3319609375 0.023593749999999858 0.06671874999999998
