1 0.014390625000000056 0.7553359375 0.016937500000000227 0.03598437499999996
1 0.029203125000000087 0.54859375 0.01834374999999966 0.020460937500000043
1 0.24723437500000003 0.45122656250000004 0.02399218750000003 0.02469531249999992
1 0.14068749999999994 0.5891640625 0.022578124999999716 0.018343750000000013
1 0.22182812500000004 0.6734843749999999 0.021164062500000115 0.0345703125
0 0.07577343749999983 0.7119375 0.028226562500000087 0.08043750000000002
0 0.13433593749999986 0.9723906250000001 0.028226562500000087 0.05521874999999987
1 0.2761640624999998 0.9137343750000001 0.01834374999999966 0.02539843750000017
1 0.09024218750000017 0.8759921874999999 0.019054687500000257 0.023281250000000142
1 0.16609374999999993 0.7973125 0.02399218750000003 0.04092187500000009
0 0.31214843750000015 0.87634375 0.01975781249999997 0.07761718749999993
1 0.6673281249999998 0.5016328125 0.02711718750000003 0.022328124999999942
0 0.7662265625 0.5817890625000001 0.023921874999999915 0.02472656250000007
0 0.6875078125000001 0.665359375 0.034765625 0.01908593750000005
0 0.8374843750000001 0.6745625000000001 0.025226562499999973 0.02385937499999997
0 0.83953125 0.5317421875 0.026585937499999802 0.02045312500000005
0 0.8869062499999998 0.5521953125 0.061351562499999804 0.03408593750000009
0 0.9482656250000001 0.707625 0.06817187500000017 0.04090624999999992
