0 0.2788984375 0.6643749999999999 0.037124999999999984 0.038070312500000016
0 0.10899999999999999 0.53778125 0.04949218749999993 0.04188281249999992
0 0.24463281250000007 0.5473046874999999 0.029507812499999987 0.034265624999999925
0 0.3940703125000001 0.44021875 0.05044531250000013 0.037124999999999984
0 0.5320859375 0.4135703125 0.05044531250000013 0.040929687500000034
0 0.722453125 0.252234375 0.0751953125 0.02474999999999996
0 0.7890781250000001 0.45925781250000003 0.021890625000000163 0.06948437500000004
0 0.65296875 0.312203125 0.019992187500000112 0.019039062500000002
0 0.8452421874999999 0.8747343750000001 0.02379687500000003 0.05710937499999993
0 0.6586796874999999 0.659140625 0.02379687500000003 0.061867187500000045
0 0.9318593750000002 0.5672890625 0.025703124999999716 0.06091406250000002
0 0.758625 0.5444453125 0.021890624999999986 0.022843750000000006
