0 0.5079374999999999 0.7315390625 0.03607812500000005 0.017789062499999987
1 0.526484375 0.6819921875 0.022359374999999914 0.020328124999999985
0 0.6258359375 0.71171875 0.026937500000000014 0.012703124999999992
0 0.691390625 0.6738593749999999 0.08385156249999995 0.03150781249999994
0 0.6583593750000001 0.597125 0.022867187499999986 0.01931250000000002
0 0.72721875 0.62025 0.017281249999999915 0.02388281249999995
0 0.803703125 0.5056484375 0.03607812499999996 0.017281249999999915
0 0.8136093750000001 0.539953125 0.08639062499999994 0.027953124999999978
0 0.9208437500000001 0.5241953125000001 0.022359374999999914 0.017789062499999987
0 0.9058515625 0.5968671875 0.027953125000000155 0.015750000000000063
0 0.9673437500000001 0.6675078125 0.03607812499999987 0.019820312499999916
