1 0.06405468750000001 0.7080625 0.020671875000000027 0.024429687499999984
0 0.2311562500000001 0.668140625 0.04996875000000003 0.028351562499999972
0 0.12208593749999999 0.5172578125 0.03459375000000016 0.01682031249999998
0 0.25975000000000004 0.5160625000000001 0.0302734375 0.01825781250000009
0 0.3623359375 0.40121874999999996 0.048046875 0.02978906250000004
1 0.5772031249999999 0.669453125 0.03653906249999998 0.03771874999999998
0 0.688703125 0.883046875 0.02987499999999983 0.06472656249999993
0 0.9586328125000001 0.6956249999999999 0.0320078125000002 0.06828125000000007
1 0.7975234375 0.7870234375 0.03556250000000016 0.04339062500000006
1 0.8572734375 0.56475 0.017070312500000285 0.02703124999999993
1 0.7643984375 0.4123203125 0.024257812500000142 0.025312500000000026
