1 0.28853125000000013 0.949234375 0.0341562500000002 0.04448437500000004
0 0.15863281250000014 0.6956249999999999 0.0320078125000002 0.06828125000000007
1 0.057273437499999955 0.56475 0.017070312500000285 0.02703124999999993
1 0.22355468750000007 0.3609140625 0.020562499999999772 0.018453125000000004
0 0.5001874999999998 0.49321875000000004 0.04116406249999969 0.03100000000000005
0 0.6737421874999999 0.5592890625 0.0254140624999998 0.017789062499999987
0 0.5499921874999998 0.65153125 0.03100000000000023 0.03049218749999998
0 0.7827500000000001 0.7531718749999999 0.0279531249999998 0.022359374999999914
0 0.9128515624999999 0.8154296875 0.02286718750000034 0.026937500000000014
0 0.89496875 0.6588046875 0.028664062499999688 0.022523437499999945
