1 0.005558593750000007 0.5491640624999999 0.011117187500000014 0.023695312499999944
0 0.04877343749999987 0.7547890624999999 0.0177734375 0.05753906250000007
1 0.19896874999999986 0.6071328125 0.011843749999999886 0.022843750000000006
0 0.3741250000000001 0.4785078125 0.020304687499999828 0.049921875000000074
0 0.2975468750000001 0.5415546875 0.021156249999999942 0.050773437500000004
0 0.4743984375 0.6028984375 0.014382812499999887 0.039773437500000064
0 0.2899296875000001 0.7378671875 0.0177734375 0.05584375000000001
0 0.16765624999999992 0.84575 0.018617187499999945 0.05331249999999983
1 0.4253203124999999 0.7018984374999999 0.0126953125 0.022843750000000006
0 0.5209375000000002 0.965484375 0.021156249999999942 0.04569531249999983
0 0.40670312499999994 0.9045624999999999 0.0177734375 0.05246093750000007
0 0.61528125 0.598671875 0.052460937499999714 0.027921875000000006
0 0.7650546874999999 0.5711640625000001 0.03553906249999983 0.025382812500000008
0 0.9634843750000002 0.7657890625 0.02284374999999983 0.022000000000000065
