0 0.13756249999999995 0.5817421875 0.028773437499999943 0.024539062500000063
0 0.11724999999999994 0.7116328125 0.028773437499999943 0.023695312499999944
0 0.11260156250000009 0.786515625 0.04315624999999983 0.021156249999999942
0 0.2886015625000001 0.53859375 0.039773437499999884 0.027921875000000006
0 0.26998437499999994 0.6832890625 0.049921875000000074 0.022843750000000006
1 0.40241406249999995 0.7602890625 0.016921874999999885 0.026234374999999942
0 0.5268046875 0.63759375 0.015234375 0.027921875000000006
0 0.45953125000000006 0.577515625 0.024539062499999886 0.024539062500000063
0 0.3588359375 0.4814765625 0.036382812500000125 0.02030468750000001
0 0.5661484375000001 0.5622812500000001 0.024539062499999886 0.05669531249999995
0 0.57334375 0.7903281249999999 0.02538281249999983 0.05753906249999998
0 0.6753046875000001 0.441703125 0.02792187499999983 0.07107812500000002
1 0.8051953125000001 0.5491640624999999 0.011843749999999886 0.023695312499999944
1 0.6495 0.6236328125 0.015234375 0.027078125000000064
0 0.7193046875 0.6879375 0.009304687499999886 0.04569531250000001
0 0.8487734374999999 0.7547890624999999 0.0177734375 0.05753906250000007
1 0.9965234374999999 0.6071328125 0.006953125000000071 0.022843750000000006
1 0.5758828125000001 0.9024453125 0.015234375 0.03130468750000013
0 0.6757265625000001 0.9341796875 0.015234375 0.05077343749999983
0 0.9676562499999999 0.84575 0.018617187499999945 0.05331249999999983
