0 0.10099999999999998 0.658703125 0.0495234374999999 0.023617187500000015
1 0.21033593750000001 0.375640625 0.016765625000000027 0.018289062499999974
0 0.287671875 0.5143125000000001 0.06019531250000014 0.024382812500000028
0 0.4453984374999999 0.6640312500000001 0.0266718749999999 0.04800000000000004
0 0.526546875 0.5246015625 0.030476562500000172 0.05714843750000007
0 0.6366484375000001 0.46021093750000003 0.03276562500000004 0.048765625000000055
0 0.5482578124999999 0.8495703125 0.0266718749999999 0.047242187499999845
0 0.35815625000000006 0.941765625 0.024382812500000028 0.05028906249999991
0 0.6922656249999999 0.75965625 0.04342968750000011 0.028953124999999958
0 0.7402734375 0.6754609375 0.028195312500000114 0.0693359375
1 0.7345546875 0.97871875 0.021335937499999957 0.040382812500000045
1 0.81875 0.7901328125 0.019046875000000085 0.03047656249999999
0 0.9437109374999999 0.943671875 0.020570312499999945 0.04342968750000011
0 0.8560859375 0.6545078125 0.02971874999999997 0.06552343749999992
0 0.7456015624999999 0.3741171875 0.022093750000000155 0.042671875000000005
1 0.9555234375000001 0.48764062499999994 0.024382812500000028 0.03962500000000002
0 0.9170390625 0.41373437500000004 0.04952343750000025 0.024382812500000028
0 0.915515625 0.6983203125 0.0220937499999998 0.03276562500000004
