1 0.01875 0.7901328125 0.019046875000000085 0.03047656249999999
0 0.14371093749999986 0.943671875 0.020570312499999945 0.04342968750000011
0 0.056085937499999974 0.6545078125 0.02971874999999997 0.06552343749999992
1 0.15552343750000014 0.48764062499999994 0.024382812500000028 0.03962500000000002
0 0.11703906249999996 0.41373437500000004 0.04952343750000025 0.024382812500000028
0 0.2759062499999999 0.7653749999999999 0.028953125000000312 0.06171875
0 0.1155156250000001 0.6983203125 0.0220937499999998 0.03276562500000004
0 0.6203046874999998 0.6164140625 0.05028906249999991 0.02742968749999992
0 0.6142109375 0.6484140625 0.0472421875000002 0.024382812500000028
0 0.7307890624999999 0.573359375 0.033523437499999885 0.02514062500000005
0 0.8862265624999999 0.53603125 0.04571875000000034 0.026671875000000077
0 0.958609375 0.6678437500000001 0.04419531249999977 0.02514062500000005
0 0.9353671875 0.5070703125 0.026671875000000254 0.02514062500000005
