1 0.32879687499999993 0.4323984375 0.02538281249999983 0.023695312499999944
0 0.2572968749999999 0.60078125 0.036382812500000125 0.015234375
0 0.009970703124999947 0.6384375 0.019941406249999894 0.022843750000000006
0 0.08213281250000008 0.48612500000000003 0.04146093750000013 0.019460937500000063
0 0.5136875 0.3833203125 0.03130468750000013 0.027078124999999974
0 0.44049218749999997 0.31096875 0.05415625000000013 0.019460937499999977
0 0.62284375 0.3900859375 0.029617187499999885 0.06261718749999998
1 0.6203046875 0.43704687499999995 0.021156249999999942 0.024539062500000063
0 0.6689609375 0.5753984375 0.020304687499999828 0.05923437499999995
0 0.776 0.45228124999999997 0.024539062499999886 0.05161718749999995
0 0.76034375 0.3130859375 0.018617187499999945 0.028773437500000033
0 0.9811953124999999 0.37400781250000004 0.02538281249999983 0.06600000000000002
1 0.8986953124999999 0.5038984375 0.016078124999999943 0.026234374999999942
0 0.5708046875000001 0.8182499999999999 0.03384375000000013 0.06431250000000004
0 0.7480781249999999 0.7344765625 0.02284374999999983 0.07107812500000002
1 0.737921875 0.9468671875 0.019460937499999886 0.03046093749999983
