0 0.03574609374999991 0.2866796875 0.07149218749999982 0.02114843750000004
0 0.2049687500000001 0.27296093750000006 0.024578125000000027 0.044015625000000023
0 0.09696874999999991 0.9600156249999999 0.021398437500000256 0.04833593749999991
1 0.03595312499999999 0.79678125 0.022976562499999888 0.02139843750000008
0 0.23842187499999987 0.8558125000000001 0.01585156249999997 0.04278906249999999
0 0.36956249999999996 0.9493203125 0.02456249999999969 0.06497656250000006
0 0.03278906249999984 0.5990703125 0.02456249999999969 0.06339062500000008
0 0.22375781249999988 0.461984375 0.027734375 0.09509375000000002
1 0.2641718749999999 0.6176953125 0.030906250000000312 0.02932031249999998
0 0.33905468749999984 0.6287890625 0.019015625000000112 0.07686718750000007
0 0.5118046875000001 0.6561250000000001 0.022187499999999714 0.05388281250000002
0 0.5819375000000001 0.5368671875000001 0.019812499999999744 0.06735937500000003
0 0.310921875 0.3106328125 0.021398437500000256 0.03962500000000002
0 0.39849218750000015 0.40651562500000005 0.02694531249999983 0.07607031250000004
0 0.6591953125 0.35857031250000004 0.053882812500000196 0.040414062500000014
0 0.8164921875000001 0.35183593750000003 0.06101562500000028 0.034867187499999994
0 0.867203125 0.51428125 0.05626562500000034 0.04913281250000008
0 0.8596796874999999 0.6921796875 0.044375000000000143 0.040414062500000014
