0 0.18119531249999987 0.37400781250000004 0.02538281249999983 0.06600000000000002
1 0.09869531249999994 0.5038984375 0.016078124999999943 0.026234374999999942
1 0.25523437499999985 0.7556328125 0.019460937499999886 0.023695312499999944
0 0.23958593750000007 0.5694765625 0.03723437499999989 0.04399999999999995
0 0.5361640624999999 0.8851015625 0.024539062499999886 0.05077343749999983
0 0.39400781249999994 0.7598671875 0.0177734375 0.07107812500000002
0 0.554359375 0.6566328125 0.020304687499999828 0.060921875000000014
1 0.4392812500000002 0.5436640625000001 0.018617187499999945 0.029617187500000065
0 0.3373125000000002 0.4239296875 0.026234374999999942 0.09477343749999996
0 0.5932812500000001 0.3905078125 0.027078124999999887 0.05838281250000001
0 0.8567343749999999 0.588515625 0.06199999999999974 0.026156250000000013
0 0.7264375000000001 0.46306250000000004 0.037781249999999746 0.023249999999999993
0 0.7298281249999998 0.3274375 0.04456249999999997 0.029062500000000036
