0 0.06975781249999997 0.7331328125 0.034867187500000084 0.013148437499999943
0 0.24467968750000005 0.7397109375 0.03944531249999983 0.03201562500000001
0 0.3841640625 0.557921875 0.034867187500000084 0.018289062500000064
0 0.388453125 0.7082656249999999 0.03658593749999994 0.029726562499999963
0 0.5387890625 0.5553515625000001 0.053734375000000154 0.03944531250000001
0 0.4693359375 0.3964375 0.09546093750000004 0.03715625000000004
0 0.5848125 0.40815625000000005 0.0268671874999999 0.020578124999999982
0 0.6685546875 0.3792890625 0.06745312500000011 0.03029687499999998
0 0.7122890625 0.2661015625 0.06116406249999997 0.01771874999999996
0 0.8217578124999999 0.2866796875 0.09946874999999995 0.02114843750000004
0 0.8969687499999999 0.9600156249999999 0.021398437500000256 0.04833593749999991
1 0.835953125 0.79678125 0.022976562499999888 0.02139843750000008
0 0.69371875 0.8835468750000001 0.019015625000000112 0.050718750000000055
0 0.8327890624999998 0.5990703125 0.02456249999999969 0.06339062500000008
